Y	X1	X2	X3	X4	X5	X6	X7	X8	X9	X10	X11	X12	X13	X14	X15	X16	X17	X18	X19	X20	X21	X22	X23	X24	X25	X26	X27	X28	X29	X30
-0.921450346252446	-0.0199674587876837	0.823119534416275	-0.0487206480285125	-0.211889926034818	0.500579536032409	1.28123952486568	0.369963096624653	0.274167451417199	0.604952950913307	0.184739551910905	0.826220375684104	0.436013615058965	1.21173269824444	0.571242477853174	0.481536335090731	0.237600595469007	0.811144515271953	0.938213720389364	0.279541177534998	0.988812090569395	0.338851861736125	0.830556646406359	0.564746699168398	0.152394089126648	1.08021376107163	0.251910355737597	0.189287922508099	0.398622293567076	0.295981376398895	0.9720377723323
-2.81830637091489	1.66865690319523	1.33194886388079	0.852074554125045	0.790954618240504	1.40497687154384	1.61759834481236	1.70765216305491	2.08478863225621	1.72374655025517	1.73147374684184	1.30219716691706	1.44942485460435	2.14392070418217	1.25150908014147	1.74379177479934	1.53776072002876	1.39037882273646	1.11636322457666	1.96475624619945	1.71184002737802	1.0785868033999	1.52824275876827	0.967936353490603	1.73765741364744	1.71815853085746	1.08240018098935	1.1379552517349	1.34541484355333	1.74749652513161	1.44614713301112
1.53146243144777	-1.03946904114598	-0.0180605753714371	-0.368065371852887	-0.539699584890993	-0.393265744502866	0.141404013302886	-0.158221574548867	-0.0520788290998103	-0.420591593377985	-0.732964373143514	-0.575850281962522	-0.287958139833224	-0.590079577505623	-0.112952725391015	0.16264290934681	-0.48951634205601	-0.0843277821923521	-0.428972267696556	-0.432401015659466	0.831240119876118	-0.141616218373485	-0.463208744446796	-0.679152400793005	-0.5685102661138	-0.308918324492587	-0.460547743914604	0.0338704408842797	-1.41944829293295	-1.10218907560489	-0.0618321493890159
0.695546788568209	0.946563028173424	1.51847094762104	1.69016047661154	0.367752946845779	0.637999613168918	0.815711533306667	0.641832872873388	0.920407235247953	1.06902947055117	0.550613855361767	1.09069651684594	0.638414908596226	0.239863627500666	0.892848705180592	1.39633124472876	0.82783865789281	0.301520956370344	1.01157740772551	0.675377196443421	0.756011481020769	0.912772369555672	0.995574528993572	1.12739969181768	0.262923138227587	0.728763384774399	0.740917119876823	1.01377521542198	0.777922875595245	0.785922137724487	0.613124001134145
2.59917308233833	-1.21762169317202	-0.658095782545617	-1.23453673196388	-1.23074065083509	-0.498976009573812	-1.10527983681752	-0.90620538236474	-1.28213316877535	-1.3647969337403	-1.71863257464222	-1.13432402009026	-1.6728417234579	-1.62960238058842	-1.55662087064459	-1.27769030947494	-1.41200304513319	-0.983867541675948	-1.53277838259441	-0.964330999900855	-1.32419168489386	-1.27646728079385	-1.28005263974698	-1.31027720747548	-2.10853973461004	-1.89381969841934	-1.45743981219459	-1.31144825170459	-1.30420794002088	-1.72768213817821	-1.29429521935225
-3.71593345509697	0.506301231898516	0.772413921463172	0.77326958056209	1.08459257341515	1.24861325862045	0.327856836881682	0.276257912807304	1.27572726964386	0.931401288525115	0.855570960567766	0.8471568565828	0.373318593023845	1.18698918692673	0.721149694164208	0.773720196674937	0.226312373099572	0.739502384350812	0.741894023890944	1.13224761115084	-0.241911530319879	0.060583036721959	0.864924690840478	0.678677890086072	1.24057023256755	-0.235357543939307	0.403897182740345	0.41681174227487	0.55637597262242	1.34531400531312	1.19727044929642
-0.441468652571007	0.606501016622923	0.681586267274925	0.517210861890771	1.15917025545827	0.336367161532524	-0.0712481858148142	-0.279966168595411	0.292497177321273	0.546619121580567	-0.335361260904034	0.224956289637202	0.676227383088747	-0.0540979160554517	0.57967212759857	0.553649736567432	0.779720940069077	0.360808725713217	0.355145264729827	0.969864024121293	0.0950143773012176	-0.0601199328595192	-0.0627855143366892	0.419988145534016	1.02677888921353	0.341355079876884	0.462686595216552	0.159253979580712	0.915053166003727	0.245933064879795	0.243423603633818
-0.745772965211898	1.15699565331958	1.07311483436081	1.43269671021639	0.892687239343659	1.22112472038318	1.55745285928853	1.00736609554897	1.18538598924198	1.07234399068356	1.00247770909091	0.440615580924648	0.693206412171242	0.230877674742053	0.957358793664922	1.52237876077485	1.4187600182946	1.29304259899541	0.882482614871871	1.07291260687115	1.60662147563434	1.33445362472043	1.14158805435853	0.708443504536598	1.15006100303548	0.842614335734804	0.561344101267769	1.52000367185397	0.699313801376151	0.813154841331338	0.75438916206633
-2.81935978372962	0.495283358570135	0.61328347645437	0.52504171796897	-0.157616442301287	0.363063987037076	0.582664860833796	0.906111736562924	0.244352115310497	0.499294052674307	0.458791125218386	0.508042533929368	0.762955610589773	1.33375997069543	0.884113406480259	0.576962679826149	0.142010749903226	0.658753806715878	0.228689828905338	0.860388690653581	0.417607863894709	0.0789244285075522	0.181275538662275	0.909989524798533	0.372225234185983	0.978353853407341	0.776342918598975	0.511053356647332	0.947022001765986	0.592426147113073	0.586172712220422
-1.82916119594683	0.575076657640129	1.15188261863974	0.87815730847675	1.71599087828027	1.22091233921114	0.98560723697449	0.711325985798673	1.05288854264015	1.36015289812689	1.62991298211155	0.663894105330252	1.51873815079419	1.51228941767088	0.477691713723862	1.04847629250571	0.598371342613079	0.576347991127837	1.43197701364998	1.57261786371102	0.528402199839511	0.728646483505327	1.01435436356989	1.24200570003313	0.996866030978726	1.78296634520612	0.900977688500697	1.0837100833577	0.251958487623059	1.10029799097692	1.01489993062838
2.14753739002413	-0.118539150780156	-0.0314711633633248	0.621235097898218	0.482280500171221	0.501307673012651	0.121483424485814	0.603908542147472	0.216842508346199	-0.081883001366039	0.124742090683838	0.756728915528846	0.320373288234769	-0.0132566658658817	0.389899052944504	0.24208917717356	-0.170697869143447	0.512179602274676	-0.204989057194466	-0.232998148326336	-0.145082284652319	0.867086190758292	0.214145244921179	-0.202208757927264	0.302966217315331	0.914265225846675	0.498211233566146	0.949673998329683	0.0400063451229147	-0.409421084180724	0.209592573501812
3.59468975758339	-0.967315510176139	-0.867503184637658	-0.398303157962802	-0.33497633751609	-0.948107126238818	-0.00161665434423332	-1.27523914569815	-0.625401082231517	-0.96553820911914	-0.718897897819171	-1.13343277394626	-0.983454604879519	-0.0746660962056858	-0.887448980467686	-0.0873514795859054	-0.3302119121713	-0.0538621057793084	-1.11575480041029	-1.02234916201955	-0.9142124649187	-0.553966728984935	-0.80524145137223	-0.840531985514938	-0.695613467050812	-0.786934594657101	-0.556095439685186	-0.836280011927329	-1.13538508418158	-0.402647114483539	-0.492148033636443
-1.33566389595775	1.03306199888562	0.857208631316294	0.98928856473361	0.164547988017844	1.29284670422174	0.348557286012426	-0.40657551272129	0.983735451705881	0.793007582864609	0.599640067736204	1.16702052800685	0.891332812474701	1.14210378554393	0.571989225828849	1.08883395861227	0.242433556221429	0.648587937062793	0.840945576952682	0.614844118505177	0.748333778116574	0.438882911900668	0.559581804834067	0.414406330039104	0.432136666529711	0.736970840160368	0.495980317199321	0.528016229245854	0.028762975570971	0.899283471761026	0.520827921352716
-1.92172498657713	0.547699883201969	1.09641647869225	0.65259405446147	0.625117343135507	1.19848107301751	1.00384121847929	0.365781577184351	0.792668450671597	1.0438103664544	0.728153623740544	0.819359020232557	0.60181642897964	1.03863409969285	0.781450830334108	1.10995659647329	0.871488717699744	0.998424340983378	0.575297957787176	1.14934115148208	1.07278021438164	0.157591651897065	1.12799196946083	0.946018740525628	0.969049066100992	1.17843858300611	0.911384927990086	0.751080923290498	0.913676176747795	0.830412782853384	1.22626878738718
-1.02885738274777	-0.613850716828511	-1.12240466865069	-0.318988185394867	-0.0668172345094633	-0.8796020432241	-0.254292645509066	-0.51120195010424	-0.518308133864209	-0.259167414731774	-1.24019806644021	0.0808027808476926	-0.554124042275143	-0.0643291711300106	-0.540352242799876	-0.244208741162718	-0.629023177567662	-0.487670062342095	-0.334520948255088	-0.297382783808543	-0.36192183576417	-0.560974206741281	-0.0489498001633122	-0.235623381492946	0.195751577134408	-0.958194704933654	-0.0767764353975715	-0.490255416335781	-0.225646254083675	-0.395612358002333	-0.378748247720699
1.35810953764767	-0.638027840565023	-0.659126186441315	0.379706709689328	-1.21217697994493	-0.615437560018223	-0.963096351576149	-0.615833180137412	-0.354712862615288	-0.967944172242055	-0.912562591818065	-0.145616254167756	-0.845913227000418	-0.678859888292894	-0.910881899946539	-1.63614707526983	-0.529091409826969	-1.0417349717562	-0.451772064466236	-1.21896489110129	-1.36281915694223	-1.588508267843	-1.06901830734389	-0.897821434792081	-0.417028307452884	-0.612020426716722	-0.410860356357575	-0.234957613278437	-0.628533971352193	-1.6736006815498	-0.765816559022497
-4.28692554277184	0.66979900901895	0.856088294149006	0.755990339895626	0.430031776729445	1.3025970783104	0.627357844676949	1.01031621306019	1.04610288856049	1.04920932985291	1.35630156625431	1.40808816623496	1.3303713809195	1.32671997571663	1.1594698818519	1.16123683009508	1.1418955042587	0.950261342242351	1.4575764991762	0.628888472903395	0.816206518885283	1.2088064667377	1.38530386878323	1.46918954528091	1.29265822776375	1.73627174460149	0.94116183906934	1.42972373664319	1.07686628263688	1.89684988652701	1.53233060221419
0.182013066504699	-0.419273979594872	0.606810542537821	0.780390127321176	0.630112816309841	0.479898961317046	0.267687261502026	-0.0372609808888212	-0.0928661559217611	0.953419996866092	2.09045360452305	0.0674082287808726	0.274577398874452	0.978896647488066	0.338169694810397	0.360540656155754	0.680306886740746	0.845623265873509	0.475942892072336	-0.117824072510396	0.169092212676003	0.819456132685034	1.26706161522602	0.368723021830064	0.163809331243949	0.494047697145431	0.683430018456799	0.730020901543078	-0.347819210643841	0.912433100460827	0.693180134501476
-0.179168776912805	0.0560903367554177	0.226613751012411	-0.0637582777549945	-0.406287833615778	0.121485891231969	0.196479676558452	-0.31066797797828	0.586301797732978	-0.716546472406458	-0.127739440155716	0.373337857867561	0.036855719800732	0.298574710133985	-0.0247137834766648	-0.826984086338087	-0.0438336043525117	0.482322750691892	-0.134027328954686	-0.388893427196126	-0.191152819903052	0.436703644554886	-0.324854702277348	-0.110538414304857	-0.723880581960315	-0.370185032663078	0.303203497001531	-0.186632586792398	0.55004747193565	-0.0541553770840678	0.22314566105608
-5.59007031258085	2.02030376369467	2.28911984041414	2.21590136190341	2.18812633206951	2.76811041296336	2.21846985058871	2.13111250508231	1.87449515304747	3.00417958326893	2.36115044191251	2.96718139650638	1.9655404878516	2.3525352851069	2.1294996900196	2.25170499589004	2.4009956136926	2.21281578619441	2.058281926177	1.68507613992685	2.15564779646694	1.43934837834585	1.84148281400948	2.44870571983668	2.27181585313047	1.98777426670859	2.12014832166385	2.7288936727634	2.45760468414038	2.49475553812688	2.45859486734732
-0.344624744273082	-1.02644169075034	-0.0181469614897398	-0.254447854432844	-0.416701999405791	0.154036606595057	0.44053690506503	0.114901920691744	0.144201664091053	-1.17727883001835	-0.637835251679011	0.226009895222886	0.131147802403765	-0.7844734019248	-0.656680709294045	-0.628488291259528	-0.859586497212013	0.163826211014903	-0.14441823318103	-0.0645680473455761	-0.514057083826101	-0.341637247218131	-0.698475620818325	-0.268329426539164	0.332659963886585	-0.324780388515532	-0.0264262489177569	-0.258580165379525	0.102126386610935	-0.903554928645648	-0.143886857258597
-2.07535499676083	0.871045070803794	0.573360673232892	0.473524592997181	1.030510708442	0.702712009426189	0.870475135975004	0.403658154182953	1.21634356413633	0.444535737700476	0.802451395735597	0.501661135402998	1.23149159958329	0.556279393139289	0.619346055479112	0.32241908288595	0.84353199959027	0.558058974609925	0.834694464514438	0.19770730115757	0.738781627683149	-0.0616440641342594	0.492053153381806	-0.417193805637252	0.199515770866654	0.872238001827738	0.574166694409703	0.175135354683586	0.727770287048687	-0.268117087708355	-0.574154257207805
5.39811408069847	-1.21223749702318	-0.806550746074404	-1.4396634433438	-1.71315684691435	-1.76272214910198	-1.99029629887741	-1.58329214430511	-1.90408059566422	-1.91798832055498	-1.86288908456534	-2.63498840514398	-2.52990123135577	-2.27782180624659	-1.70046295596249	-1.56546446079062	-1.37015955112784	-1.04480008556961	-1.68689012444893	-0.94875353463469	-2.4366758263668	-1.43504937279642	-1.70211845268893	-1.71165716670435	-2.21213042710825	-1.39715667382308	-1.43952892268588	-2.24484325714984	-1.70693920486456	-2.36690440167019	-1.94880051875332
3.35000868619323	-0.730832434211484	-1.47335436782456	-0.838449997202075	-1.55337715827974	-1.86979706042913	-1.97328840947804	-0.74229336467669	-1.18924875082075	-0.852498565124364	-1.51527923429716	-1.55661395573277	-0.461682119355045	-1.34160563222677	-0.869578371951332	-0.968163847093015	-1.12604154709033	-1.80083101560002	-1.35082682190066	-1.66672189211305	-1.19451133813998	-0.880049641039797	-1.11800099656825	-0.877076551764893	-1.21056144901186	-1.06453614233505	-1.61661776500607	-1.58202317728672	-1.23105051276099	-1.33862753015216	-1.84462575405805
1.6127142888298	-0.857065160255337	-0.3674040984916	0.0761389867049696	0.147297674639174	-0.290478376467887	-0.9096779065355	-0.69615162973318	-1.40327074250902	-0.321680162135769	0.673329975732371	-0.457796204464487	-0.649133899233551	-0.412232955082241	0.000471843706105337	-0.309975539283898	-0.268339705259899	-0.372050789166824	-0.461941394330424	-1.01051102059286	0.277055665338546	-0.600348844936696	-0.866438494796572	-0.827040255104671	-0.684732409212593	0.18214250486576	-0.991904063810249	0.155347464960989	-0.478278161566855	-0.598317918534301	-0.66073939731247
4.85342966370443	-1.10905098914857	-1.275614409771	-1.36218320162338	-1.13678120704854	-1.09158820211843	-1.21771372338988	-1.71010110748565	-1.55719406230829	-1.80784445791395	-0.682080873607085	-1.85929602238938	-1.20268641571207	-1.02623880064743	-1.07271286518682	-1.27048408567577	-1.64071058687245	-1.10713482695211	-1.67623701673131	-1.18717252975521	-1.6339278745561	-1.76248583712517	-0.767563523028989	-1.34571737279755	-1.60781551410374	-1.31777852103001	-1.54744091706397	-1.47149912521047	-1.08662244091395	-1.67508347185717	-0.918774049378353
0.0142860751676526	-0.64385481419827	-0.565303211243877	-0.413226199868798	-1.31716723188816	-0.755241244591078	-0.931991822739306	-0.803344139445406	0.00496265783203013	-0.506883598400135	-1.31939813442989	-0.521221942267065	-0.690491376770151	-0.511379403238043	-0.927968342698557	-0.25674451541952	-0.165653528770703	-1.13566890829883	-0.523618763725255	-0.316086673821757	-1.2893800376489	-0.688012976099899	-0.643835778039902	-0.564168159178123	-0.754535870618643	-0.389765409512667	-0.158416215902237	-0.374031784754716	-0.0157957332372675	0.20647075825859	-0.738183110588448
-1.05392773675557	1.32267905928994	0.484665104670051	0.358150443801679	1.05851863249472	0.30889185887325	0.0408575957934748	0.269875895604045	0.494785774322559	0.438627208141309	0.3039229951669	1.12349894149407	0.0299803022209368	0.212080499549599	0.0940719103201585	0.606130899191781	0.513220747027494	0.0693360557108266	0.457419477755873	0.386878612029761	-0.178577937265807	0.809493456677099	-0.248701840475701	0.252746115655842	0.422695704300459	0.567171638892526	0.282913082442019	0.425521971585296	0.330769709839748	0.605926017720092	-0.154690527607323
-1.04476598535982	1.05518348659391	1.39616132784744	0.0180761677518428	0.816267076739085	0.914645050255739	1.44558934975824	0.661273535732057	0.542344572812664	1.08309762709819	0.689472618334621	0.98915165231001	0.747024944441454	1.1574543031665	1.6697717752525	0.752535829056012	1.24598506231887	1.23315637203115	0.842993653588517	0.939195876115735	0.763766718556867	1.08985566689691	1.12040588465257	1.0701738110284	0.813658519086464	1.13872693442585	0.750629189554274	0.033749966232083	1.19171307901805	0.828603313378955	1.31519097405987
-0.743722417869621	0.0898697897865348	-0.744584333614185	0.135082250089356	0.507966353385359	-0.412408510713061	0.627284324279703	-0.192476673925617	-0.216622901748657	0.507004258058986	-0.586457823097291	1.16938428487788	0.329642649646545	-0.374341149724785	-0.0650714843976248	0.252270214426023	-0.158973127340225	0.325119601621928	0.72398612343101	-0.2903328935219	0.76596190267478	0.275387240205757	0.989171145956548	0.883929040613218	0.682953063920601	0.486836872625939	0.436490181624088	0.204767501635913	-0.0887862888115105	0.365702542497463	1.07781214618531
1.80975770437756	-0.624846899603328	-0.659665813306684	0.0189592593472029	-0.506356477769162	-0.415535589304734	-0.92048712570217	-0.25585652431819	-0.454925306287477	-0.364471147219973	0.679324125560904	0.114031543949458	-0.681766343573384	-0.10531812455071	0.198968383093567	-0.581486368144029	-0.440159592520412	-0.224002423615741	0.0991460819143221	-0.97033408047673	-0.197510327870996	-0.287620454659984	-0.329407434214385	-0.378647491928337	-0.418476413806828	-0.0960458476827147	-0.112079371541231	-0.653817165010099	0.204056724938376	-0.432876580034737	-0.110656910338109
1.90461427074615	-0.201836338300208	-0.516121544861513	0.00167200942677599	-0.0983632842744332	-0.109956815096805	-0.65607146456941	-0.509646340115317	-0.192726172584968	0.544369389249214	-0.532953472396214	-0.00804815302038029	0.212899239335819	-0.352144276865431	-0.151428314218211	-0.0926032968159575	0.442380436084548	0.325009980249724	-0.0471145636080022	-0.281464983701157	-0.365324174470263	0.014540048767543	-0.409585472116982	0.00750395204514402	-0.434124746382799	0.557577161277175	0.379847643542624	-0.174740437104893	-0.312747605023632	0.526054507429617	-0.203741177955169
-3.37850754592445	0.345161237883017	1.01632154974681	0.516563875298266	0.691659434458452	1.32275745379648	0.794908292655118	0.895848647060128	0.404642283788722	1.01351664585624	0.941580144393918	0.612594639854674	1.17508834736071	0.722974410303582	1.64626306918499	0.26886524121586	0.656190850905822	0.672836411405689	0.559458350155685	0.850398301999006	0.445711711112385	1.34854040875771	0.790309293914	1.41967821603473	0.878101826616668	0.829856201974476	1.41356006762322	0.711667987486028	1.43141290898601	0.396507957017572	1.0024467824976
0.604480343258702	0.367135126656283	-0.29154169405622	-0.0475629009589659	-1.06297031844104	-0.791620823704935	-0.0322834076301542	-0.398443417135566	-0.149399345900668	-0.0694651011277971	-0.991608526494948	-0.178326463835236	-0.309483106475833	-0.592560803008683	-0.424223200113777	-0.245845031975308	-0.64759617348988	-0.34708371865677	-0.336361968918014	0.508126957480167	-0.460879905904474	0.0791414781274395	-0.282486902518262	-0.508912332136811	-0.0602668648725079	0.699123885597095	0.112093319230416	-0.253952689827132	-0.375061021948456	-0.402843864484318	-0.00732418381695339
-0.309537847620578	0.490355577581514	0.356198473711817	0.93205195877862	0.138061593838546	0.611858866861303	1.12841201758456	1.28156198204447	0.3440844341434	0.480930486458419	0.685729190438249	0.276898881489634	0.558170323209544	0.87864565108568	0.18438831954538	1.15294006473216	1.10102317146049	-0.115492171923716	0.330469375623098	0.831708515922847	0.579570529991923	0.0863975033724967	0.710435158496	1.28822957671104	0.784356761979055	1.18613311366827	0.79371590747895	0.975969481991394	1.53708055683393	0.197394330654426	0.464740329317819
-6.95741057730074	2.20928469718574	2.38475408002078	2.51686602139444	2.70767258319108	2.10863863467192	2.63471377212511	2.73779385023193	2.89979178244883	2.03293912597978	2.78962566201454	2.93771090683907	2.65650578258458	2.67008264044373	2.61766252222837	2.67470929426624	2.09275315131317	1.72351670038075	3.02971612946492	2.70332199725733	2.956579082689	2.75219778228421	2.37286013420813	2.35785233982183	2.68188634684288	3.20342634067781	2.57449634106869	3.09424697814903	2.17662418454974	3.47253346378147	2.35773733583146
6.21351202108961	-3.57636452589429	-3.38619920482029	-3.03221054246203	-2.83939858869853	-2.96723004572027	-3.88562253921542	-3.15904680407855	-2.89729210560308	-3.37272737183576	-3.12329719860516	-3.77918795073207	-3.10510282266649	-2.91160305333739	-3.22743225790451	-3.86241891464642	-2.65093400527067	-3.17585199184449	-3.00632612883517	-3.9154595319576	-3.16751063497505	-2.7569836514123	-3.06537016020131	-4.05541529671877	-3.50773662764288	-2.76863354244965	-2.49732551957194	-2.89071526657428	-2.7802922921428	-3.23773928547577	-3.363512883946
5.3213521224461	-1.80833796016094	-2.24753796809395	-2.85230247689351	-2.19073692910798	-1.75769095305449	-2.0375345039105	-2.59723796576763	-2.55498352126484	-2.16897334483825	-3.06618748417568	-1.38397450338985	-2.01899586705161	-2.04034699779645	-1.93301828804769	-2.58422109114651	-1.82327566564107	-2.12341208566591	-3.21920710904501	-1.6496148779151	-2.0231565518142	-2.16532392566993	-2.53796901573041	-1.79061211196375	-2.51022112341623	-2.15752307476136	-2.37346510863646	-2.28578090806792	-2.33084381118904	-1.81492031754755	-2.69123732857505
1.94800192855519	-0.742249522290953	-0.221609503879597	-0.236522925699632	-0.638941809087292	-1.42142606571542	-1.0881278482251	-0.595761370925651	-0.262296157757518	-0.660635891995698	-0.366111242933165	0.11458459885693	-0.722855947827366	0.103815792586633	-1.04700868686318	-1.14423765927997	-1.42374162745678	-0.191452083698819	-1.39134320716468	-0.753508506489554	-0.770970034555422	-0.511414711000553	-0.844680394980688	-1.04215488780812	-0.438615042778238	-0.968939339628824	-0.649490276174844	-0.638518985167021	-0.388588562403492	-0.699046162837889	-1.23431229683028
-0.477112407217993	-0.931517832044194	-0.704652643576864	-1.47874111455769	-0.036114773432718	-1.94333817133446	-0.102908748345402	-0.838859963019839	-1.24836732816727	-0.733870221485656	-0.349261657453965	-0.320209440591833	-1.52969530928771	-0.75781999732619	-1.02939817293025	-0.43821296322802	-0.867436892970077	-1.19343271718778	-0.482091472317842	-1.0189877137364	-0.434942346374896	-0.996303910930923	-1.58400587213707	-0.386482082631068	-1.35173214358954	-1.56706552739019	-0.977767327300792	-0.976235681575992	-1.26357570792294	-0.70296388449836	-0.485389023760681
-1.23809034140955	0.26257432919444	1.08427741006347	0.894889620817795	0.414660669025968	1.3289055468154	1.27101608687054	0.930943423969179	0.909644155971589	0.67240351422627	1.26962972898083	0.62085773888108	0.522726266290546	0.723777764915415	1.17135048090468	1.54628735439829	0.49275187523094	0.667626439920133	0.647980282646849	0.798764841738701	0.171646062141808	1.03693993367739	0.951245997382237	0.732640891931963	1.18288059082392	0.603563805078909	0.5792661965197	0.533441817376962	1.2265451434751	0.977894521334839	0.844336867913299
-0.962768884863983	-0.225073174343777	0.361620456247053	-0.085935569049389	0.273754630346562	0.038783995346062	0.320772711598988	0.019781595353154	-0.320062717933376	-0.147399670797289	0.225511427917881	-0.329854874929981	0.128456234424977	0.20468309993823	0.659572364240192	-0.0129402173033104	0.896134000897067	0.333445213264785	-0.238595314052172	0.194922095738759	0.430419711896055	-0.209724517624175	-0.386840421814252	0.676348856399248	-0.172042980822061	-0.389006061094302	-0.372331803321745	0.538414766876201	0.0937969597831724	0.258323573891057	-0.528908151022517
1.04555839911214	-1.53300032806167	-0.673347138228058	-1.13307532502495	-1.28348897230142	-1.04039138336267	-1.31879216006456	-1.27908871592681	-1.26535983975664	-1.246715847154	-0.85649267480428	-0.555176189617936	-0.476910211111067	-1.2699077290779	-0.907347140010193	-1.25049167217132	-1.3117413894805	-0.686653470858725	-1.25938198687021	-0.672710075331882	-0.870803232815505	-0.643394092956523	-0.784878403211419	-0.967098586132302	-0.962912527070212	-1.22592406859435	-1.40050836936594	-1.17526648976885	-0.417355218363568	-1.40596895347569	-1.11986572689765
0.11159811994635	-1.1141634352775	-1.25649394673015	-0.907649971717522	-0.827027641690657	-0.291365015883993	-0.175186847555261	-1.59519533801032	-1.36344175454762	-0.962431920618236	-0.608071683934222	-1.18879172380649	-0.235858048419395	-1.38355605385206	-0.798742046892994	-0.720931527653598	-0.885121396939133	-0.297833671472912	-1.15690221301954	-0.868027139726142	-1.34534305287685	-0.360457907758027	-1.61950327938297	-1.08107906354692	-1.08891935818797	-0.211561093106055	-1.19283859640977	-0.24722580189353	-1.39979863773806	-0.744547559346722	-0.710576059135996
-2.31535631710509	0.500046777893577	-0.594319677946961	-0.366905659884576	-0.274196807529578	0.0254314877809939	0.256564466424036	-0.253592173445071	0.752346873135159	0.202286091660651	-0.304146155137485	0.582610725743622	1.42703341936003	0.66872642378774	0.303314197367031	-0.266266196420851	0.826673119774029	-0.5265375033216	0.188366688918003	0.59771648563822	-0.35585115749624	0.182044993260567	0.697415917285188	0.265293961667204	-0.16379707987482	0.259555477011802	0.758558232049733	0.835298420606382	0.230046282453156	-0.524251979832682	0.387235566556615
0.494582056535572	-0.586042786879768	-0.293042341562196	-0.0823134312092661	0.603679475990734	0.197062755502633	0.255386690797142	-0.0804610673500133	0.184066736330417	0.285770064121011	-0.178130532776528	-0.33702991157257	0.0688511170099411	-0.288791262085726	0.501214636085071	0.0176527578055746	-0.733178832334893	-0.288160521512071	-0.298273142499644	-0.563279237930335	-0.521692647974084	0.142400962608328	-0.610196568702344	-0.0259194614353388	-0.153189643198689	0.192048979049636	-0.328198305187075	0.00445640343367095	-0.11598058467909	-0.0819645022989846	0.133687852540576
-1.87125254088844	2.38074417575022	2.23211910674454	2.44483786732034	3.01822857784586	2.41274992681459	1.82799471939572	1.28553897149504	2.65317773884827	1.62994145288968	2.08466791218289	1.58218806244096	2.35046483683657	1.97125868109982	2.17944018793175	2.31302990268701	2.38996466889013	2.2034029589065	1.64385655002464	1.77433019464222	2.11072574277953	0.977219536249318	2.59747511629358	1.88198910301141	2.22789021238887	2.4923027181576	1.69665880702127	1.93270794584196	2.27490713327009	1.89215308406632	1.64221528084573
0.00662554615343025	0.253422251724284	0.157498028389577	-0.182782327356801	0.0170352067991057	-0.625419367751159	0.232417160667699	0.0934789578778766	-0.100788497373133	-0.248992056276341	-0.465351041049501	-0.321579977699689	-0.890247017692282	0.0696008197017381	0.594390601410464	-0.250268391908862	-0.326513306762591	0.233871501673059	0.0304636199547187	-0.0229919289527664	0.467926279686537	0.0728064742446464	0.0333304627140534	-0.0654305665582935	0.321883983988465	-0.12630455076709	-0.420158220522363	-0.365131858472151	-0.394618736224336	0.148883510725318	-0.200327310414818
2.9936853777039	-0.327983058148974	-0.689319237502327	-1.07901913021246	-0.921838160294925	0.539816927296189	-0.522024570507647	-1.38025154267813	-1.21265714803365	-0.946663758444389	-1.12632845962378	-0.349360891560848	-0.83099554459122	-0.408159630459044	-0.562242074263905	-0.728351910781637	-0.0993247012550107	-0.991011408326601	-1.27797369077815	-0.822994395982013	-1.01290169218075	-1.33100502064472	-0.796534186436302	-0.487120909778659	-0.870288728062061	-0.739643791328708	-1.29310538628742	-0.97429081624566	-1.05044011767111	-1.57564270425593	-0.408417635219841
3.08179373211014	-0.889632966083438	-1.69070982499709	-0.959386973396901	-0.981841501979105	-0.485977432514837	-1.48915767161047	-1.953490848548	-1.35086253612176	-0.408581108198429	-1.68352240407833	-1.36470073567084	-1.22979250346485	-1.50134146397333	-0.617107722156337	-1.63093720406569	-1.5423467387539	-1.29818214034102	-1.72877917429755	-0.817520225958375	-0.811136840403322	-1.63082536674451	-2.20478947163212	-0.784470553515789	-0.572488408598759	-1.7574843658114	-1.55422498655421	-1.54354738856775	-1.19316640928665	-1.29757242478763	-1.63345602331611
4.11998690727019	-1.80175632947673	-2.51230378316061	-1.87270021743546	-1.52429577961527	-1.46887562932714	-1.10500555654373	-2.39943417532272	-2.24117174491019	-1.92413624992401	-2.49422962446568	-1.7972484149781	-1.50155760427669	-1.82238530572013	-1.77563713588637	-1.93501796868564	-2.16496320554225	-1.48071717206655	-1.75810781471377	-2.2418622664152	-2.11155049745286	-2.12801448156736	-1.41681170567219	-2.30429314469877	-1.15991768034946	-1.50887135441627	-1.65712050395286	-1.84138784844542	-1.5572056022216	-1.93206361340323	-1.20978299489225
-3.4724415414981	1.3425512216219	0.689210618410949	0.915364358341023	0.400969067269685	0.41487555101318	1.40119563293577	1.03679929009111	0.523572775582963	0.888571379849762	1.48470657715836	1.29502507846882	0.999195030598067	1.04714380133487	1.12063350761628	0.789452220630441	0.960558105649691	2.00869967556027	0.945429480261605	1.01687931898721	0.743227407371247	1.09696156817407	0.664961609614429	1.00022523128216	1.05487348652788	1.15913055758781	1.33713097497408	0.941411266062259	1.02793041811353	1.49789520850475	0.406489987192689
-1.85482884859973	1.18319777414575	1.45540645658872	1.33803487340463	1.56936156014343	1.99092852772506	1.67348065326372	1.33219937513123	1.46186917654197	1.27079822806189	1.27131153103776	1.26621190668065	1.18664871095611	0.855273752988329	1.53736012737256	1.72590781942854	1.26635648317198	1.4429307309032	1.67041428278735	1.75915580796099	0.626164130776513	1.306004868551	1.53623337704839	1.35909284298454	1.1721356151556	1.61857986895863	1.85505981547242	0.837234230961	1.38483142268263	1.49109122690119	0.598367631144832
-2.92131129217314	-0.287985504987148	-0.163702894016036	-0.31982892556434	0.087728839192646	-0.413532462176231	-0.14052985544963	0.302608253372586	0.374293005552711	0.672925013939939	-0.385479907402307	0.346490427553503	0.279860264494661	-0.0586929587952552	-0.0356891962196918	0.0253283449049223	-0.43239158802325	-0.751498595529899	-0.0713064825860572	0.895478507253285	0.292800689567047	-0.239748847469051	0.444254663195008	-0.190474129565549	-0.170764651452291	-0.0322786946371794	0.0314592479854425	-0.120025034671218	0.792329750562056	0.517194614327394	0.0437245909469208
-0.803584681202395	0.796496512881845	1.4983324029038	1.29203234679559	1.07438278845025	0.956643525494518	0.614673067467083	0.88104364527002	0.739134731118593	1.75313007835588	1.05710459793817	0.581336406006388	0.970178178192216	1.21174483193148	0.890264587067543	0.706046142565281	0.972456757767225	0.956760314314578	0.367128014381938	1.10542903113906	1.11162604317684	1.24085456890259	0.681467649072154	1.28114024948286	0.648195630094255	0.722064439088568	1.05451708350968	0.538165965004308	1.13937504836822	0.733059258470455	0.661643830525474
-0.762744816974885	-0.447191455861021	0.0954244711615883	0.697130469424992	-0.0171095831135656	-0.325928363728144	0.165289954613604	0.552627366056615	-0.857305463640091	0.04432769653657	0.543319270456705	0.656569862081746	-0.113407281774233	0.0586472731378274	0.226477130590249	-0.133761609856818	0.514313690258938	-0.892209282437622	0.0285575369435063	0.23929470958097	0.189571581798458	0.361751551327836	0.184888170227766	-0.170763880382152	0.497706260330797	0.135882197396203	0.155731051211437	0.356516343894263	0.0887193991874763	-0.0467558250560746	-0.0258287851733476
-2.16194388826236	0.369599242337575	0.571079773586585	-0.0489572358885778	-0.348404061552968	0.393830787809692	0.418670413098042	0.328707483523512	-0.449138137347932	0.167982057361546	0.436566345463414	0.559611841709968	0.464128474208424	0.358509192348108	0.53943455574022	-0.47827060484739	0.0448242760734293	0.097750002894317	0.282210888675664	0.719574018817782	0.664157527934432	0.364591915232018	0.428674536952948	0.723039624596658	-0.144790849744273	0.130012658643108	0.0211211746682405	-0.0251058009986077	1.17443332236661	0.180682578989392	0.619690522710293
-1.7824277455344	0.617473363115134	0.309125151009472	0.858016708110124	0.975070877789695	0.0451319225932958	0.405810842904678	0.0524611222377684	1.49231628604033	0.385009948496392	0.740158491924303	0.697721379870863	0.749135980034612	1.18718485503494	0.562874445445107	0.898424342139533	0.295798941565696	0.57264835548394	0.428920337629436	0.60409050910418	0.347069981293585	0.698711642949058	0.844719867035876	0.291948543172085	0.265089197276039	1.25852239583712	0.270304544269641	0.527241039933669	0.449108978976653	0.771672991407218	0.327113252764126
-2.52123513426699	0.0933328502541756	0.757297984093348	-0.533734447797928	0.450398743688379	0.0654845538413919	0.285880698813791	0.514902965934888	-0.142255816616659	0.566476889698875	-0.0471938277499397	0.693842315115936	0.469866275903679	0.242179324269109	0.500553671949069	0.910053589197105	-0.677992899870328	0.610401897363079	1.10464147188875	0.239328472217557	0.676803263983389	-0.0568404000344329	-0.00857464460105388	-0.0764944985001678	0.268675044660049	0.0512779158181854	0.267858715155155	-0.221725933092989	0.815619526141139	0.406357332543497	0.424681843158791
-2.50669358586667	-0.0447730668997688	0.328300530975254	-0.205632874391431	0.351901319889068	-0.295762750646019	0.257004686051887	0.200140302789191	-0.0296455914156495	0.352027399068246	-0.356121048783648	0.291417162832276	0.321707701577652	-0.219978307272315	-0.158026423006759	0.0550603734265031	-0.210503353071564	-0.267732289009407	0.690620951358924	0.179868642213418	4.5422383972506e-05	0.185907771483632	-0.809410709615797	0.2168087224915	0.215473172590823	0.287445378450183	0.785281618096206	0.166437052310122	0.158666034213428	0.539823520760372	-0.342043851475223
-0.224231638224393	-0.503752674462922	-0.638344009665273	-1.11040403455907	-0.634875495933312	-0.411526572571871	-0.617207591582286	-0.254724950854516	-0.515276390514929	-0.533050407949176	-0.495640453806374	-0.479049794259948	-0.061103954048146	-0.0611533140435598	0.257898596319225	-0.231108178376754	-0.109992491613897	-0.324011830236221	-0.566287738186231	-0.114013826569975	-0.673306294859886	-0.603954851164797	0.110968245280681	-0.900226852497741	-0.816325855882655	-0.447990765969529	-0.416579495594512	-1.08272076780181	0.226963005167908	-0.750008589482591	-0.144556408962245
0.549276603501245	0.557930094484201	0.694862856140179	0.180415882594346	0.0457565085132843	-0.247404904888048	0.0480146841485857	0.17375261080272	-0.653843741264035	-1.25969103678562	-0.464060450785866	0.317225547556242	0.386549270915597	0.550476875926578	-0.736471824757555	0.0694480750021676	0.40707497287076	-0.105673194535448	-0.273285205566854	-0.00439185981363586	0.252884691753224	-0.65530956047607	0.0868868401524142	0.0892418203535917	0.298285115176478	0.15143840094396	-0.00956175934999871	-0.416018784177811	-0.37127600726552	0.0974586599888496	-0.546301131900313
0.623154135598945	0.918383020006383	0.305777400855038	0.683696245677835	0.92880246741925	0.907871888241552	0.109653285891084	0.717567819703598	0.580154736095258	0.524562219341479	0.244207510523033	0.628552541298606	1.32854310971591	0.939529258193362	0.628635812698519	0.845400766414576	0.549979508167297	0.493800740227921	0.506904086495019	0.0295394300883599	-0.0967464345365698	0.871687518832117	1.48294766582703	1.27552750369389	0.554834078391908	0.814146993811879	0.525631109105193	0.678168986498885	0.267352190944451	0.333090524331003	0.738467015049386
1.95019254766497	-0.464254670503704	-0.000599148068538513	-0.78014117453387	-0.713750043745969	0.0197265856685419	-0.106448898945791	-0.600214990970254	-0.733800592930258	0.328007819717249	-0.333288471117054	0.0580746363939691	-0.826760101117069	0.0575086439605365	0.0628476740975963	0.307387285325539	-0.238315449210763	-0.60818872554529	-1.18203076248341	-0.657849634087978	-0.581844929534276	-0.757854282200643	-0.144467807239507	0.11985733654436	0.750197510546181	-0.567821254101782	-0.892062178959309	-0.888356397502571	0.0870262067680884	-0.962282631374046	0.498986641611172
-2.1813056669775	1.56111249556198	1.46137847200269	1.598227832078	2.39861872611425	1.93739312490124	1.16152362441191	1.34155620660068	1.46794686563584	2.13045929808097	1.63555652450096	1.67912600708741	1.25724170452796	1.67899386940489	1.93224978952063	1.19239836383328	1.77341126000977	0.918256560024053	1.64923292395214	1.79960950578684	1.37711797675087	1.60888596056307	1.50452086316418	1.12546974125322	1.63304432866557	1.80838591980248	2.00251336399316	2.05158732920677	1.1578614905715	0.730009256588032	1.92358836900743
-4.18883540113683	1.60631510008957	2.09630037106343	1.55528626457123	1.8949839741937	1.04862619099296	1.45973041797961	1.47381350793049	1.47648368152099	1.93407540332145	2.00764634553198	1.87902286740813	1.11641990934599	1.2166120041669	2.01955399117635	1.49985159846463	1.44950525859445	1.48047620534634	1.25710900514542	1.48591975150018	1.30853664678505	1.62478576374123	1.77221018994067	1.87946132131257	1.20908980284358	1.83259149162779	1.59607072019161	1.5989069704483	1.12147612540383	1.93497715147473	1.39185994666985
-1.36211964819964	2.48287202034745	2.07947197255292	2.07658733596717	2.02104204553146	2.97521768444458	2.50785880529062	1.92970735622572	1.82069353145909	2.20096985718763	1.97804444293753	1.64176230131956	2.21877580857773	2.3787432648697	2.35939647478501	2.96377951084434	2.34631255419341	2.23210718123338	1.53364936305299	2.63975613828645	1.8467805835027	2.06569635172804	2.35060128691213	2.35983764671194	1.51281092508363	1.87696010839177	2.35319211764175	2.62476238410823	2.74474021597701	1.21396893385491	2.3566450116969
-1.85747934640401	0.223393580070202	0.0880724604182955	0.253542478754567	0.104834357640153	0.31918353085404	0.170001152050522	-0.542729396494973	0.0312118735747468	0.576753962869983	0.326263901496545	0.408899196284693	-0.432707510838221	-0.219711909323716	0.270670800645604	0.403267431931275	-0.0940044037016	-0.448408466471429	0.803671155843665	-0.281000915213499	0.397461340445944	-0.0121463395545488	0.655432287020557	0.0905392854502252	-0.207436360110298	-0.435906436103127	0.196053292286127	0.489483177661362	0.0910656843000802	0.674862293135572	0.0833371702118057
-0.887987698143522	0.205721671839423	0.231893653052842	0.393378080165978	0.927996004881663	0.851009202402795	0.337460271295802	-0.0284697713520163	0.232920552209303	-0.0514552114809066	0.443507271135446	0.770500636396515	0.87634979115811	-0.181539399854239	0.106982323130813	0.610880762650405	0.160391282877404	-0.0512495113324378	0.686955536744609	0.483338311253858	0.629934262338638	-0.00696566759667584	0.338858988850689	-0.207331001199245	0.380593460881227	0.237397674826892	0.707314950774508	0.608575015245104	0.284057563850864	0.079560329937929	0.343905984236604
4.31318357201454	-1.94507094917701	-2.18617636371929	-1.79555880501739	-1.59997977398456	-2.13568528869404	-1.85220854964412	-1.7567227117875	-1.79150638231954	-0.805487007979276	-2.13133326291551	-1.20475430861151	-2.14301321315555	-1.90660696671228	-2.07808946898642	-1.69692239735069	-2.02379394100185	-1.88795318281534	-1.58654250392738	-1.48619337525135	-1.32127738437362	-1.96478188921685	-1.7391266472831	-1.86182815688987	-1.6463123482127	-2.97255692123204	-1.58195847563872	-1.96202940160699	-2.15805737193419	-1.52866616493373	-1.35853903661566
3.24616854538086	-0.194896782925383	-0.41480702066461	-1.37263614568993	-1.26829441858871	-0.916532390126813	-0.844247928133768	-0.258322795920736	-1.37372371325305	-1.35267667239555	-1.38165925691904	-0.63458867839224	-1.35826761108464	-0.750077054711556	-1.52947779283723	-0.979132131125185	-0.919404210821791	-1.40642475962772	-0.889167019863151	-0.43651150407867	-1.61127759482975	-1.0491294640017	-1.12679051150311	-1.16490782978071	-0.834462503763588	-0.895562729729102	-1.20041216436427	-1.4364718434102	-0.417241679636045	-1.57999595962745	-1.22101174718322
-1.32390304120619	0.262666090660147	0.0815595649715633	0.292448104843809	0.0465573865747672	-0.699229241478522	0.16253274895587	0.421371436894619	0.600897409259301	0.861070423367693	0.549058323851826	0.250680492590539	0.903805299507141	0.306517456410154	0.366776393525021	0.848846287833727	0.273586784286667	0.296610730236605	0.523225375475994	0.64940480871361	0.514559784797557	0.101042880907028	-0.368645663795218	0.86926892261213	-0.813151559308552	-0.0934767037411823	0.656083098881443	0.748027185132898	0.733022655148789	-0.102978887603747	0.965048630287773
0.542370725978728	-0.813618010511727	-0.66993802555736	-0.327921747022882	-1.24863191325557	-0.799230197454168	-0.676364883939977	-0.880530220283439	-0.522457672281771	-0.595166869882604	-0.976785752615978	-0.465538327139286	-0.606838336663682	-0.82698196140773	0.128299403459957	-1.03458582307836	-1.2798842947507	-1.06350186286848	-1.17147934578871	-1.28677628290959	-0.948089389173018	-1.07464458636206	-0.944753004665924	-1.0557782210688	-0.624277358843487	-0.719265933835015	-0.641897532838982	-1.36603885619679	-0.765743453413142	-1.2253768949904	-0.889626300902284
1.19741010823328	-0.573939273717919	-0.0809238913351518	0.685880476505551	-0.0484935074626716	0.49409368640514	0.318533768345892	0.140964106467366	-0.490541815897927	-0.109882355363443	0.380907929464933	0.40231895303269	-0.0165087039745118	-0.157618492545468	0.165475786451782	0.412482955893596	-0.417467916775931	0.222446068150335	-0.481031057064511	-0.283453882315237	0.5800013432108	-0.338079235693576	0.322556290375509	-0.328956550041312	0.711461420079803	-0.126704195307926	0.114866844785388	0.365044705467138	0.418298450315489	-0.458499775927615	-0.308672758014431
2.62404442217887	-0.165754963729975	0.0330570807930002	-0.0960930652644568	-0.329896853597408	-0.670616908245616	-1.44199542523421	-0.556070839495425	-0.713465579692179	-0.942729148849932	-1.0752061086303	-0.373451828740182	-1.23639000514813	0.0564389852001688	-0.62239980523032	-0.501899059168131	-0.655121030888024	-0.675416796479005	-0.203875143338828	0.10720363998161	0.025128472816784	-1.09729401087354	-0.520638093862848	-0.458759574857689	-0.612386917531575	-0.567930178201209	-0.515311116007192	-0.181989285724935	-0.181808742749332	-0.621320736793402	-0.616921573297376
1.40525158664015	0.206909829050337	-1.10147405936749	-0.614265441817266	-1.01368039247218	-1.17238809555741	-0.563951484882607	-0.61097097875304	-0.728034342043186	-0.801704273498725	0.0382143490947418	-0.956576326115407	-0.695677310228207	0.0375406323297735	-0.478750544904317	-0.63336372057788	-0.567310491431094	0.288855380638766	-0.311494608157348	-0.751103453878477	-0.548860443404031	-0.982503931182831	-0.505605285411427	-0.518310597454598	-0.244855810375285	0.0652204447261805	-0.375468771751786	0.185390401039436	-0.140720976045567	-0.713519871889068	-0.878057065904851
-0.955009613108719	0.966064966177464	0.524169937307323	1.63528608714958	0.468737842352077	0.833091287508135	-0.179778954374176	1.02495514300828	0.896721769207409	1.26437286954314	1.62737193947987	0.431640042879765	0.621948103385525	1.00665682394422	1.18688475866859	0.511464841425042	0.808544211545329	1.20031612003431	1.08668951236065	0.910368561541443	0.918061819329921	0.927120638965521	0.844254044522074	1.24365797659311	0.875377903866607	1.27446954612169	0.894283584213205	1.58625896658742	0.870485897656869	1.06992213559167	1.106215687041
1.67126221398028	-1.14783656353416	-0.347270989822919	-0.148170880996039	-0.21098839490521	-0.604990912989838	-0.284116886132586	-0.0569079515275172	-0.358609920772903	-0.480984933989797	-0.81784674218674	-0.0608444659202314	-0.676157081284024	-0.60967839178553	-0.361677900946441	0.290669763107305	0.250474143104323	-0.685313022970605	-0.898535675503488	0.111700880835842	0.238268183945256	0.23707005259354	-0.529319874995321	0.160940813451954	-0.107170382174227	-1.09032358194152	-0.538099526551236	-1.00660258433037	-0.98139381719884	-0.238606067784101	-0.760635249234575
0.331469400406118	-0.370048217023028	0.520430484748122	-0.675652225143136	-0.235325923282993	0.264736521511937	-0.633070887447956	-0.30321801047798	-0.297428187791392	-0.346201443491121	-0.366070780918992	-0.756178545903428	-0.1325395109037	-0.495922116001378	-0.205959056058678	-0.16481568739718	-0.443404258654636	-0.243885229462121	-1.06556409390227	-0.30591598263285	0.165510657483372	-0.594566785141678	-0.319557806807799	-0.814496117264354	-0.152835667365883	-0.426154156120437	-0.332802598489483	-0.859120581378477	-0.608957285097271	0.0312319167665416	-0.715576541964585
6.05779553283853	-1.49762083902651	-0.803636668263314	-0.984647286232781	-1.57514295695759	-1.15112209630713	-1.48062691639879	-1.50614578427671	-0.962786794793931	-1.54384858807741	-1.26137115488104	-1.61152351035173	-0.903550107281275	-0.939099396330759	-0.584998989200635	-0.381735181200165	-1.45898373708025	-0.895096015035687	-1.55275648184505	-1.1566397620755	-0.78694139980249	-0.85286312626477	-1.33913095678122	-1.41205619832107	-1.56187075524906	-1.552003532493	-1.20953915321568	-0.502668884305677	-1.27189752406393	-1.47344654450513	-1.38263859178345
0.00303812069761733	0.14093217238182	0.842161510027733	0.761492027445083	0.17878599427084	-0.27566644271669	0.714154081492784	0.45737149449756	0.580228435453649	-0.202701477044195	0.0959484412740891	0.162291045640353	0.560328682579687	-0.371672223306515	0.215913630454342	-0.115867499614147	0.15876552052005	-0.289492315516598	0.242277322348524	0.65415458193207	0.430961612999151	0.297536776220737	0.818173839195165	0.457512544428384	0.220102079544557	0.310838590034816	-0.0392725056140801	0.614145552126121	0.0941802939369087	1.09201908784447	1.18978790068437
0.498331489309659	-0.819555347595405	-0.472738090202365	-1.02348340384454	-0.440489394269428	-0.69014177772208	-0.946779842227394	-0.346974676605341	-0.554652477551453	-0.812921347700972	-0.940272422590881	-0.465564360569565	-0.275884727967358	-1.0279944873929	-0.341889772484073	-0.868330950668288	-0.338484768617182	-0.521388301755823	-0.71993455745696	-0.232581682393405	-0.818244132886669	-0.275002175391472	-0.802177024053999	-0.606794550092354	-0.894643212492314	0.369577597914285	-0.792511683821712	-0.622649866916652	-0.702995022679588	-0.416753952473815	-0.734672202286401
0.0611324944042297	0.660862260243865	0.625140726868988	0.329166857108168	1.30378082022677	0.583572708805644	0.894842454529169	0.598060591943615	1.16828231682515	0.893180847165655	0.849186705230333	0.723989771222316	1.25926227392411	0.105074995836192	0.972597804625141	0.945997281198931	0.896862167685309	0.989685328381919	0.438654452251993	0.511313777235904	0.70971081996704	0.850401368237009	1.21393715550555	0.845030498038134	0.687728152030875	-0.130098322591788	0.235002047139248	1.26743457252642	1.22799669767885	-0.00245098427210128	0.480434149441773
-0.67738672520201	-0.0728472481234002	0.32220785209275	0.363935364599306	-0.373647933984065	-0.162568806945992	-0.0844713906522074	-0.405885138753142	-0.133393684310666	-0.0805995292617564	0.105881306141715	-0.0949585009252292	-0.156339383979996	-0.655644469258337	0.527648449500005	-0.258059891425215	0.170928098522922	-0.0799156762393492	0.491578724151776	0.0227102429898284	-0.911601420310793	-0.298420412149948	0.0562783055127177	-0.371458966822339	0.296317598255071	0.162108810317381	-0.48610177818696	-0.555710822785487	0.12823488288943	-0.231343285695439	-0.457910808619258
0.140005301279829	1.06810478708137	0.107054647169795	-0.00374906639163819	0.755891923429988	0.377654284984977	-0.198178699953134	0.546877377027318	1.19078013215386	0.646609038206404	-0.0475012163347206	-0.0595368060482053	0.436885669242702	0.572329225109583	0.0430106045370574	0.0104358684537567	-0.0709663592448789	1.02273609986887	0.122572627532823	0.575909577643481	0.562454847124972	0.935921233197853	0.584361417588786	0.33042530643481	0.282411500690283	0.436781565319711	-0.70877235806214	0.511182616390011	0.637278326915988	0.0644683660621572	-0.0900081740379678
0.727478966780447	-0.980957780277384	-1.43294141663225	-0.535574226225256	-0.829307342021535	-1.22479696993369	-0.454297022194635	-1.32678353905688	-1.6274158393885	-0.555722342343481	-0.741737916352763	-0.951322733862338	-0.711517913077488	-0.584030576693499	-0.716370703497282	-1.33443924899496	-0.662761634537274	-0.629202369260762	-0.526615214247417	-0.998214401969609	-0.223818361021515	-0.40611524710804	-1.06673271960869	-1.21580277388303	-0.477834552605162	-0.451269580712003	-0.640100194037179	-1.4084418093932	-1.51619063523725	-0.295822297215356	-0.864842191163932
1.11723865018998	-0.190360450903152	-0.129979055702446	-0.119329079686169	-0.36723307859786	-0.208800248651699	0.134796345874204	-0.162819756730394	-1.23612060522858	-0.0370356772122274	-1.17145186987452	-0.444370815176631	-0.357669820187379	-0.0970586952709345	-0.647922356396203	0.149642481109665	-0.979154111370825	-0.390656717605149	-0.43782161981636	-0.868207473890706	-0.364236435486799	-0.666306010139819	0.174573185426355	-0.300927712508292	-0.851027304816082	-0.46810546732226	-0.817457265678457	-0.024929571174511	0.330787605342947	-0.551470949161206	-0.131821141646141
-2.86820330361092	1.52763185158042	1.64127109444114	1.87030623503204	2.15031858162969	2.51643820650119	2.02646033206011	1.28751847650115	2.01615860029614	1.13254979604973	1.11922496379732	1.60964063911232	2.05586521683039	1.91092695037292	1.56191238840542	1.51701360898933	1.94893782498749	1.4612073161449	1.32349590588592	1.7404641530773	1.52553742188593	1.35231144107146	1.43068029855576	1.88746621800199	1.1983953113273	1.49756266319114	1.38069353991693	2.09088880605141	2.33019839345891	1.84410752046032	1.51797404599098
1.46742280253989	-0.778682404426946	-0.101469212970092	-0.263677188204885	-0.155830676589251	0.181454692662808	-0.139329075719204	-0.0729868687389777	0.178710809240328	0.121017384007802	0.397124385469597	0.0885585990300621	-0.159834025420745	0.30961783902642	-0.0282561016401173	0.0155545875844916	-0.285257291596255	-0.480889693581237	-0.361491344844377	-0.215510222552004	-0.767485767768005	-0.0415842882238343	-0.299109743768782	-0.209536382041686	-0.610802810439425	-0.560555722629311	-0.0473848321312944	-0.152751760507771	0.0119791018863196	-0.270749853124438	0.408694384756043
0.431624724045893	1.25261335360964	-0.201785301502072	0.40204664383531	0.0281043661220385	0.296413163051105	0.513300670102759	0.799667116620681	0.626031070074079	0.23805051702986	0.602890600992893	-0.162390703069489	0.729788537402077	0.0658094411954176	0.676766083200567	0.284675718119973	0.925734020416802	0.466630906215335	0.193367180575236	-0.164063327463341	0.674301937488199	0.884305881542992	-0.0833732585829466	0.138708757277312	0.830576202740591	0.697332664407741	-0.277011845146105	-0.172760921811049	0.564581343015283	0.27961891112342	0.310224987200034
0.675554567871649	-0.57711481528366	-0.473186950942966	-0.197250916669532	-0.141540016385979	-0.0905875329059822	0.0742249886000804	0.337239438506187	0.102721550913799	0.299593740940979	0.683710598555811	-0.00801188961975188	-0.964183776465421	0.26177309994084	0.0281582594130283	-0.507537744834308	-0.00231285153733664	0.29851853613585	0.0229798113461625	-0.212989777657284	0.159172345960153	0.341063081621559	0.870615886185384	0.967218595686726	0.641101355006228	-0.157103077442878	0.893722497000624	0.258822360610114	-0.327098879117399	0.658026087247991	0.628697565734135
0.159155175671972	-0.970829183320754	-0.347786717186972	-1.01985273240655	0.157525577316731	-0.613327695863412	-1.05460170597063	-0.31476538059975	0.108694780501566	-1.31010263074564	-0.395372987159225	-0.561256001829908	-0.679594963165051	0.0876931216555271	-0.15601102324388	-0.220010287329953	-0.561593644092329	-0.266887242195054	-0.722365561665493	-0.177649111843273	-1.34636678886827	-0.864150689463514	0.0148761031532078	-0.526888731800313	-0.404610195839874	0.326615172805102	-0.236995655702011	-0.666584247285142	-0.113203162267203	-0.697303743321702	-0.653783401885369
-1.37781445530105	-1.12692330241494	-0.632899310256506	-1.3228111712002	-1.43598647410095	-1.04161057316982	0.0869779188150839	-0.549158051671529	-0.813737362168934	-0.429006166388117	-0.733517518399121	-0.877435509994717	-1.0313534161909	-0.685312412793611	-0.87947654506253	-0.956022018201179	-0.806009991234342	-0.994204681470095	-0.987712505712479	-0.571837103336902	-0.924239613406109	-0.362912928965016	-0.179666307612678	-0.456148162305284	-0.972105706704586	-0.131193559796999	-0.280064092780428	-1.11874025855729	-0.66936599085098	-1.2570999508437	-1.46531583032328
-1.49781209715302	1.34920194074768	0.329829459449821	1.13763469693692	0.546784642440499	0.911526920623236	1.05792336333894	0.502512669799249	0.644339599808285	0.948528713227977	0.025021209869365	0.0666198621987274	1.19179916168783	0.998772589276225	0.076034448333027	0.16213431761513	0.92119592801215	0.605152072126454	0.746000197595298	0.191729759520421	0.845354450369367	1.03766049226706	0.427876164781893	1.04671123397854	0.598423249895419	0.335990244407056	0.971960748077176	0.780205464600246	0.0998290253339473	0.706182147327812	1.06143024042138
-5.60476381470915	2.59404022015359	2.70213211960261	1.81346607939667	2.40367611926941	1.87864928185128	2.06406562333018	1.76357594909908	1.78380166908137	1.73916548453551	1.18714611622642	2.26382960511406	2.07601575019939	2.61950754018716	2.50647437597553	1.95506604065979	1.92467988434977	1.90436662264536	1.51793705870947	2.13999776163017	0.854226186456567	2.73059994731378	2.35070140685017	2.16506052401442	1.41043516088319	2.01247013584151	2.00544481713243	2.25886591834614	1.87230196786375	2.37893957848067	1.88866312063592
-1.67051409995605	0.794216728062625	-0.27915066010225	0.789336481262279	0.769627256672099	0.716082995779062	0.741649512424854	1.32912847801145	0.737450966433841	0.722134126865982	0.413777941767903	0.914319716185701	0.423135214061823	0.69986288256105	0.446651332555525	0.0499698511246859	0.385737157783912	0.546418491519019	1.23797393951555	0.758786939912533	0.813092014957919	0.863603191386952	1.01644726702088	0.555623449448312	0.891164791533289	1.47866896334819	0.406822464991023	0.940899414916854	1.26208105590448	-0.00102585567962905	0.447846165145917
3.74658280338685	-0.610100832628473	-0.670677309447974	-0.363485859429612	-0.752455262210844	-0.0626477150930105	-0.136002072952364	-0.552579970882301	-0.765921941246676	-0.290581656270192	-0.455990726552522	-0.504304016783987	-1.56299892984159	-1.51964269090636	-0.794916821546377	-0.600424531534373	-0.521974775906377	0.156031322754581	-1.12481262093604	-0.531322991022151	-0.140912216538694	0.0959226758970793	-0.650391038093478	-0.468142844543156	-0.922093046927387	-0.272451854235883	-1.05469490439917	-0.93104469539823	-1.02315540801657	-0.915317950642415	-0.694182135217653
-0.484446429021139	-0.186649307728728	-0.267747027905689	-0.0708764700138256	-0.0592419795559835	-0.34910906007801	-0.713195326479953	-0.229899926673981	-0.223663566450484	0.365729422121783	0.310648857347091	-0.124824288206578	0.0768554654420978	0.350898065819907	-0.292601261941767	0.498285995841816	-0.321541506013845	0.812867768595923	0.603667919748269	-0.157954522184427	-0.13610335158065	-0.107268254462707	0.28779448709069	0.944831115973023	-0.714212105816194	0.0492643933390683	-0.498912877116449	-0.349525859469034	-0.257477272103258	0.00276568295246264	0.513301438947728
-1.39118733045699	0.400267558009607	-0.0534193277262767	0.272973888582713	0.103623069616208	0.949714895246311	0.300879464610806	0.707258701133315	0.653737928577232	0.281531246731842	0.0987786880780764	0.207392522708768	0.121402641887595	-0.186454629606941	0.225168034872868	0.09359120692023	0.472156685084882	0.429462299106258	-0.140419958570738	0.574364954325048	-0.433454829884863	0.0165454906451885	-0.0120234627882847	0.264773293533178	-0.111191842541679	-0.020266055597346	1.29735045426321	-0.890402395944414	-0.0945109286678923	-0.367512387455623	-0.298617831078847
-1.65839789641419	0.633904173087481	0.434468167483352	0.18572882368068	0.580634800636475	-0.0690326310871582	0.334131692494518	0.60869314218083	0.436448296046756	-0.134983545952769	0.82981148398435	0.620443563500383	0.404393359034878	0.517105720975104	0.451232471184554	0.359018353923656	0.791315283559159	1.04424433334418	0.250164510754714	0.734990751718541	0.252924454696705	0.279580788387912	0.419852763942558	1.55200310328017	0.509641872793728	0.687943498919412	0.84032480430083	0.388122737062581	0.4355935020136	0.491742422606055	0.539541803368929
