Y	X1	X2	X3	X4	X5	X6	X7	X8	X9	X10	X11	X12	X13	X14	X15	X16	X17	X18	X19	X20	X21	X22	X23	X24	X25	X26	X27	X28	X29	X30
2.04140651689237	-1.05737363253499	-1.43644206213084	-0.957577465394126	-1.18617826388588	-0.983958499991916	-0.962864512361873	-0.711772291497989	-1.16621212684524	-0.875239672372087	-0.678822100231883	-1.56589530826686	-0.510636787736363	-1.3343995719782	-1.18925538945774	-0.997048720811589	-0.801752929139052	-0.0868156637501772	-0.999978567519549	-0.65435289414255	-1.26561294237616	-0.900782793077411	-0.897868913168958	-1.10486463060791	-1.01852372903275	-0.834544966547756	0.0472233371668872	-1.24545910914022	-0.328248991082596	-1.03017189886809	-0.756676359172407
3.17339727050842	-0.715318724467676	-1.76659177860855	-0.952886108642432	-1.09561807845044	-0.456349971640451	-1.18950273973893	-1.53376449974151	-1.1438572731757	-1.53747243298878	-1.6243650203698	-1.16091135398592	-0.740508694329464	-0.782038671588899	-0.657412677958391	-1.41853959180821	-2.03855538256883	-1.05305309517403	-1.35466128198147	-0.486212391707369	-1.12909630896491	-1.74119057141301	-1.09013505459934	-1.50611739952793	-1.34210556569347	-1.24889051569186	-0.721537235199813	-1.40014612964613	-1.57364293912648	-1.11372020966397	-0.751224633223871
-2.45833635897589	1.12958994650482	1.7185424153137	0.964750432462958	1.00276776525451	0.851273215333073	0.566499406208368	0.583842036751221	1.04575274303842	1.28251315371617	0.636842850235539	1.33738597722275	1.01600056673724	0.473894689040664	1.64516920116019	1.03254720835024	0.123642443752302	0.16660220021226	0.739619637138303	1.35515015022225	1.00655036950757	1.06833189027089	0.73526903149938	0.942583820263661	0.465728814310948	0.877412971653655	0.285704994096094	1.08948809142342	1.2935719323824	0.735864635908728	1.04985770992577
-2.02112395998486	-0.45971093881975	-0.196310982500083	-0.152020372693328	-0.140057091237612	-0.27081364415293	0.241246744510016	-0.407281361784495	0.561224235950831	0.210508649093936	-0.0720224230507677	0.205407530554145	-0.573070767821244	0.057743249129686	0.521235713522479	-0.302122741662128	-0.262203518176867	0.528050929509865	0.281715279854293	-0.100133047904439	-0.576551905250146	-0.607497415437485	0.534748905162293	-0.263530462607063	0.377055747715293	-0.708398979017618	0.510781659546187	0.139201280393121	-0.508506472698775	0.486543103043084	0.0159739594230066
1.90449013783142	-0.994831754023623	-0.853619106574914	-0.676827771020353	-0.702593201983089	-1.1064980284539	-0.352987796053055	-0.548932858909943	-0.563894956231084	-0.0435836818710015	-0.238433812667181	-0.637688799517223	-0.656181264650144	-0.601778638763934	0.0436268851615179	-0.654204508756319	-1.34381744525318	-0.958943647171497	-0.47197468396575	-0.938287232674784	-1.14350488311265	-1.31428632892647	-0.745848686815188	0.418814632037828	-1.13259006229335	-0.622323546972954	-0.610136708541645	-0.824966608665276	-0.787420534829872	-1.14213324705583	-1.19265670654259
1.6123419712925	-0.524579496787379	-0.130514598562692	-1.12376091001792	-0.575559731003652	-0.139545883696059	-0.89004710475702	-0.529627198296825	-0.253153852784456	-0.263366045660722	-1.08389451409951	-0.321322258585437	-0.70430547953138	-0.761386284521299	-1.10260249640548	-0.762820493090556	-0.772837008994018	-0.259781348292852	-0.248349724711115	-0.576198687330365	-0.721872055362744	-0.798793516195215	-0.375166785256572	-1.18008671536961	-0.494682268554691	-0.746331306008381	-0.460952185370579	-1.23483686776566	-0.880965738974602	-0.658955091758366	-0.530578032503733
-3.39427750067736	0.613573477381333	0.0233580564046774	-0.379484015212725	0.10030264902282	-0.323580848522751	0.786993240180327	0.364218479426996	0.0755285872683334	0.368835291324394	-0.403297730437529	0.0336489723455936	1.11707844135599	-0.223053758714495	0.39012945364306	0.0635331914012861	0.311098003060095	0.916521834787706	-0.238205072079928	-0.0666504000018436	0.245921470217794	-0.0811577048412215	0.196745348645719	-0.350284328185586	0.0962058568594075	-0.0875861343424099	-0.0804465787982531	0.410526948625973	0.0961183461980461	0.331569495702834	-0.681845521108729
-1.03063105481665	0.263866865166431	0.919262946157294	0.257889355218159	0.290622253209922	-0.0469547823955163	0.540333149363078	-0.304275610607071	0.46686440775711	0.416282712204683	-0.209426411311103	-0.204961379896669	0.561330280717768	0.136196150200541	0.262757971232738	0.454691726234296	-0.122820146583349	6.52839916377195e-05	0.0236579919055419	-0.0513160316569309	-0.325125324786315	-0.339002493740658	0.519550183377258	0.183101090486701	0.321975910038503	-0.156371908773185	0.380212119537468	0.430526889291027	0.547827989936994	-0.0155230345088336	0.0182758968389455
1.07948084152754	-0.240732057780399	1.01356328726416	0.567188390717981	0.482020292864608	0.3894230280594	0.465627699215546	1.08928770273767	0.58634337597961	0.625845494261517	0.327698114329757	0.680891093194786	0.510323435091715	0.158003369166366	0.333731534074397	1.40309355835958	0.537995051864192	0.355576174454297	0.268852802902672	-0.0140143047119424	0.64000707682625	0.394688281900687	0.493162845397104	0.155368621182556	0.727665954272402	0.673124177781186	0.589594079861142	0.126465543541936	0.316786852235091	0.0490533421857213	0.373696463807427
6.4007427136157	-2.72948545948946	-2.59502469082922	-2.22340780445854	-2.43952385660593	-1.55540445499873	-1.99704243484783	-2.88489378888377	-2.84412374033009	-2.45658322761316	-2.73031660436116	-2.27682085455509	-2.78479507615479	-3.42696118763952	-2.21252242795421	-2.65672649999283	-2.16776777695245	-2.19045927324204	-2.64142454561756	-2.36229161870703	-2.15629961891495	-2.49501120757352	-1.9498100411131	-3.35985646166076	-3.16774539274259	-3.17512724539041	-2.85597872766361	-2.28273646362071	-2.76765076866815	-1.85042405945844	-1.94393478733722
-0.888887868268551	-0.312234423877608	1.01002240722224	0.641262589480942	-0.229108533241498	-0.0385457083926955	0.0422848879611175	-0.364500474441071	-0.209174455516047	0.161423105026788	0.175853139230819	0.0315963962079346	0.449562081384346	-0.365716155322309	0.211976171750323	0.023278915375056	-0.40356591783666	0.82437520585154	0.817721674313175	0.252347680220438	0.550394019780111	0.5038055444635	0.621331771671421	0.363295114009478	-0.263512197096104	-0.231130278815999	0.403459909420531	-0.0413801715159582	0.0453826862425173	0.392201498732884	0.722269163093692
3.09098178654683	-0.787333894780778	-1.67922152146588	-1.2496137481811	-1.55564947477778	-1.69211232110341	-1.67430261111275	-2.0778927286886	-1.46781832937989	-2.28597743733077	-1.69890446463796	-1.92321069955273	-1.52970040860835	-1.71656484651929	-1.43349469170534	-1.84978531295807	-1.51170391381157	-1.90997044055129	-1.0006126448866	-1.0998371777792	-1.53018898374694	-1.73870013562562	-0.975104511256282	-1.43175556498558	-1.68698198705152	-1.40936690538049	-1.68761758761435	-1.07438384973193	-1.38090344238709	-1.60181788539839	-1.17247187216829
0.729676511808448	-0.282703468219118	-0.462961827452757	-0.850600768148969	-0.373246971762211	-0.616448484418474	-0.542566514840155	-0.798831083491766	-1.08833515191171	-0.407267313258116	-0.19703184225176	-0.488825896554619	-1.36762730394492	-0.911424180014855	-0.364280713350124	-0.973828854563351	0.0559725790155176	-0.790622458511003	-0.794604539361714	0.163484730010189	-0.238638124894215	-0.527057595349825	-0.162488789220659	-0.524623366700322	-0.295726258788653	-0.597500912338139	-0.547541535431464	-0.120604737074425	-0.514668744768377	-0.726480183017178	-1.25007771139241
4.69268517766536	-1.81272989186261	-1.25964866847042	-1.58125156625579	-0.869365121323699	-0.977898791913635	-1.39225146252483	-0.547852211926094	-1.08228014170995	-1.34554312871095	-1.16050681198048	-1.59236158384575	-1.38074022294595	-0.413399785813055	-1.33184325237372	-1.71327721534539	-1.00001043175387	-0.928756968377783	-1.0967695772628	-1.84263370641129	-0.796734250524528	-1.33057052152955	-0.769942766403371	-1.79198074220336	-1.17827471596911	-0.788662664307461	-0.377558437575862	-1.2435173497423	-1.60443357334534	-1.46372481200012	-1.34749603585146
0.759514274899949	-0.0521636897706904	-0.100945262714352	-1.04732866895759	-0.0907564341124639	0.356678066924537	-0.363454063795431	-0.351935440511379	0.243619196995095	-0.139206272597502	-0.126745450596985	-1.21117796487729	-0.28317252858905	-0.00727072993068575	0.0514025423605692	0.402201898013496	-0.849660706163137	-0.535839624554861	-0.610259039765534	-0.386716207006732	-0.474535374740383	-0.0527887993398499	-0.22975559610678	-0.154381159997149	0.226238181289124	-0.34884994945693	0.0390537303334005	0.0754006443217188	-0.806359480450555	-0.910023984094244	-0.467308124617245
-2.34014017291016	1.97764859004176	1.37161924250737	2.43847894008806	1.23839955701998	1.68456979993747	1.33394885481813	1.27822471458977	1.45333118198306	1.66266128878272	1.15017658885593	1.00407639012331	2.11561901631033	1.67160714471103	1.39116351123513	1.32840930849559	1.90403270375484	1.44883042365924	1.75316065792703	1.79292059457701	1.84273260946091	1.24182814366077	1.46027884610358	1.58488464708912	1.112747161413	1.62217602607689	2.20276511511168	1.72353014731516	1.89019045233548	1.0744066295389	1.78040831182427
0.191238474901222	-0.47657498718786	1.01154457642292	0.29685849241283	0.302148631555459	-0.120717778774828	0.259051644840015	-0.254453184649818	-0.348581979370355	-0.52198016942151	0.630610110661293	-0.132027336471945	-0.220133902856887	-0.277193672998291	-0.0494692389543492	0.166174454617956	0.228017685422654	1.27539308411879	-0.202402011009347	-0.183763869520696	0.180801461606439	-0.0649600002753336	-0.155705637394142	0.108678096877474	0.36751305403751	-0.252494886261261	-0.0706828159223915	0.830416826745919	0.630281238505828	0.503976309318692	0.221661313976054
-3.53729406516392	1.83758743631085	0.999717234523198	1.2375976881859	0.846349346845647	1.26455091032231	1.13451379604206	0.990395380876773	0.985558410959755	1.65802241680387	0.484849416298704	1.90603698172761	1.47464319183369	0.846148416570172	0.95925762175387	1.75511845494446	1.46440163751657	1.32911268941058	1.93163807057113	0.756693437730434	1.22778690756955	1.36934434894336	1.04843821696716	1.14782684335732	1.25071687528768	0.95739864788677	1.33605008720924	0.596123259364348	1.19940826701079	1.97618112076347	1.58114101211353
-3.1403248213941	1.25656131674425	1.12724596222593	-0.0130391671493661	1.46059407392953	1.25950744031211	0.797837860986624	1.25744893745283	1.17016498469452	0.119698033269173	0.489901637887029	0.807985207628258	1.4766312523355	1.1130086922732	1.16984149687816	1.1852026310251	1.02456979548573	0.431328324245073	0.451302212709106	1.40325490178828	0.447483207495687	1.91158222342627	1.79720132678411	0.636243056995914	1.0903258868278	0.602397526836567	0.417268382315154	1.44820312708378	1.12110849414277	0.783402919160878	1.63228736077285
-1.39811604885131	0.658888526412574	0.573478204989502	0.40577695926486	0.667458196585755	0.861278716065908	0.161848617414091	-0.0542985034320964	-0.384020431213964	0.238786155622343	0.275592656699306	0.396896534442497	0.422042731103527	0.0507293070989022	0.290711620117131	0.137060760728706	0.406260367320466	0.453800051414913	0.809667288746719	0.0265433443088605	0.0761131828995986	-0.692507276066232	0.842488598333249	0.874899403042727	0.277673124014031	-0.431447521599567	0.129115927711905	0.67786044067376	-0.146793119776941	0.933595851908891	0.301448556759684
-1.93345317776168	-0.0710381582612129	0.143585637148396	-0.450523314420903	0.180777948998494	-0.22123493288117	-0.258622365212898	-0.120192546562653	-0.0817922813169266	-0.365888865561663	-0.124795163738752	0.246049322779901	-0.165841561551305	-0.284455761073695	0.671484486039881	-0.162008740762471	-0.103553918876113	-0.811691652509081	-0.0409426097936333	0.785827650546614	-0.243767203652528	-0.402141478632808	0.591947075394507	0.478680537114697	0.514917903884062	0.0150828001985488	0.219207893266936	0.35876259827261	0.0931840886538443	0.604779105887707	0.256691949457859
-1.71347262329642	1.50126166104738	0.831165334306568	1.56286100341919	1.27549968906045	1.23449906279252	0.547290654231463	0.83282107666071	1.42459762570106	1.10856123198543	0.640467865281852	0.730834478602865	0.595111495395495	0.601295366757801	1.11525357001628	0.864781002213528	1.81483814992511	1.25970873340313	1.2075868102627	1.01094475432516	0.793594278043961	0.735078098648415	0.842604268454174	0.643499335150707	0.787428005467934	1.24412897413905	0.821616000837456	0.945057482446609	1.14894890109565	0.598239702160817	0.951065610791215
0.42886261268996	-0.121595902600886	-0.220247431487601	-0.068440548383733	-0.11062271582527	0.322294499553955	0.00564903326807416	-0.302767506288322	0.398774842061907	-0.553573256408986	0.0101201129814376	-0.290366296915852	0.645617426966333	0.13620034076312	0.330982303919683	-0.124436305776989	0.446882595831331	0.424989235266696	0.00802739553962899	-0.0302416260235462	-0.0598069613893876	0.135921521645445	-0.093008723105364	0.599657223177218	0.259891250326281	0.230275037985632	0.290297695419657	-0.0359123574970232	0.271570666757665	0.109847117287236	-0.388151002133592
-3.69342996614958	1.73545306145977	1.91706373591014	2.22781156673664	1.88817490349602	1.45281133315727	1.93924149356331	2.10004870488682	2.1277267432767	2.21260004665796	1.62073358745903	2.55550616934053	1.48109857749405	1.73578109039992	2.17570155351166	1.86626611460777	2.09893339612878	1.57651291120287	1.75509848770298	1.57005793489382	1.65556619076761	1.78157946917883	2.38433738699136	1.84242504448847	2.40555822619321	2.22473170272013	2.52416445863491	2.02235823976901	2.03979235933711	2.23586880685932	2.35111637530236
1.38485662243488	-1.52743916172838	-0.921591175949454	-2.02910812285002	-2.05404452920438	-1.51283054470927	-1.1431097892067	-0.944045439985087	-1.29031143535592	-1.88379884288874	-1.73198894102424	-2.11239058687207	-1.15035793325345	-1.75329393979673	-1.3121947123905	-1.15164150702077	-2.64184731359329	-1.43573569156722	-1.70821533572607	-1.35159260316231	-2.17556585111647	-1.45438600477238	-0.936872749951586	-0.937875632530164	-1.6212318218544	-2.44115025262799	-1.49604306918279	-1.88639170108209	-1.36671108355884	-1.85174989551726	-2.13124866089072
0.0328586128079751	-0.0656783655171626	-0.0675553547072756	-0.354825252147747	0.00337146132419584	-0.298821218291283	-0.276328561868878	0.137831129625503	-0.328289632268967	0.516348573912925	-0.0327887679500451	0.658897360942145	-0.637403902843025	0.323683883820059	0.543580437252544	-0.0875451196661434	0.618527443573769	-0.0207713403356813	0.343606597416516	0.344673238218171	0.204682356040608	0.65727506970033	0.564153696515376	0.0779177794272455	0.0937658510784503	0.332022800688766	0.182813079145445	-0.647262447882023	-0.0532140544005991	0.709773053403416	0.310385446452361
-1.46539822365557	0.906617985099643	1.51838200586512	1.13505382552891	0.938784897982468	0.739744526042582	1.28754170146293	0.680032119080802	0.711904764345784	1.07962229280278	0.833397553067989	0.808464069175843	0.937937896228104	0.779486631805495	0.891736825638881	1.15857466942138	1.08536571860396	1.09288250074583	0.907492013173251	0.242796643025309	1.88306230068591	0.592857740875238	0.977840943892512	0.688727689986106	1.14570032319273	1.02978521838944	0.970362665303915	1.19089107739622	0.300753212213386	0.681552290595436	0.704552462753365
-0.960012890779126	-0.331794959826611	-0.126440134444389	-0.445707261916679	-0.378787306425511	0.122160872109416	0.153439206138749	0.0311121022669901	-0.119001858896578	-0.324748416330727	-0.14680036326415	-0.232843932265621	0.139095746818163	-0.315169498574647	-0.725785782271774	0.0688121278737791	-0.214631421488203	-0.566094818316146	0.517117568881334	0.109894692363404	-0.445587463701925	0.370011891192602	-0.431886400790458	-0.759477502910188	0.228379112339401	-0.192613453044208	-0.111487079609569	-0.368726836873399	-0.261289206716512	0.456750417633326	0.219409158347006
-2.33911725569696	0.845072880861921	0.652882414524809	0.549923508065717	1.41730149841593	1.61698467515039	1.1806939911659	0.552057258018228	1.18216273094164	0.246321368912942	0.239636124360172	0.98947309951755	1.28886654285632	0.880503613690054	0.958626490571311	0.854325472733818	1.33294792639142	1.23710357581741	0.227698593566109	0.699835956240155	1.07956297103147	0.797517999094453	0.504038901910776	1.38370031810557	0.49634382810986	1.49091140998986	1.15356303073215	0.535508435593476	0.529533359900933	1.58358855455972	0.795651334016976
-5.86215772494046	0.677950362858441	1.10935346536851	0.876415069675068	1.42254561216464	1.09639507239358	1.57482668657906	0.800153959970181	1.43004710153395	1.36110320434066	1.13028029239334	1.4937062287969	1.73175383979193	0.477028697509903	1.04632971666656	1.40394659658378	0.735266310600179	0.417852400219791	1.64581607163297	1.75146698775095	0.823313360276229	0.976120368269783	0.947513083342619	1.08428239832511	1.27747489661867	0.804110444832413	0.887205270479307	0.784002891056977	1.57633146554013	1.81659151300889	1.70055994195448
-2.30914049999857	0.755105520631032	0.314939343265185	1.09581532398549	1.11517578642244	1.27136754142355	1.14322466930315	0.680150854986256	0.653270803249596	1.11247036009836	0.435968466906733	0.316999721934227	1.10960002478459	0.740500085586694	0.772196592002706	0.534457601787438	0.454527839800679	1.11527592629922	0.840988137923983	0.342882125794323	0.421166173707999	0.539469836100588	0.894577064503442	0.472796695009313	1.15118091592183	1.14186912553955	0.787368493483332	1.25128750401283	0.501097258658157	1.11652496696085	0.715213900139316
-0.622590397890829	-0.172733728526152	-0.514122896001556	-0.589260619701058	-0.939202523664863	-0.791067092422527	-0.494018203827188	-0.282341966542805	-0.808929193982207	-0.586386816986974	-0.689223438558125	-0.0856559603652826	-0.224121630523387	0.0242881411412443	-0.588180838783447	-1.37202022888472	-0.351874435319552	-0.620207777791169	-0.903310374598595	-0.620709981466101	-1.16301496587612	-1.20139009265975	-0.642103385270869	-1.00154119883009	-0.591654420673129	-1.06612752583889	-0.771000556496228	-1.26257214956262	-0.923579359431273	-0.835338240399425	-1.31508314848005
-2.32206081958125	0.22720250413462	-0.63223335158658	-0.282113695215816	0.394284804152718	-0.652337435003404	0.344184851174698	-0.381759111113681	-0.0910391612564516	0.603889326655346	0.025277826530196	0.495733836697734	-0.152016756882792	-0.170115032516363	0.26136400272669	0.344936776139106	-0.0476893891336233	0.321818044964607	0.177801607320358	-0.268817480187515	-0.0677908522499278	-0.525286421037732	0.579617010065465	0.21660371449604	-0.0553453023983765	-0.0841765562780857	0.141674109629184	-0.978335615460871	0.327069003250583	0.148488264317763	-0.165499959062146
3.50726152918022	-0.914570339792886	-0.895969881048965	-0.682408289296762	-0.906255082365421	-0.815083017199145	-0.582518322918468	0.0356452808451209	-0.375683647270176	-0.30091136227396	-0.727310517005737	-1.12467409486576	-0.783659799586147	-0.519579682703577	-0.543750336251378	0.16713985080789	-0.129578611395457	-0.820846478288619	0.270990059603113	-1.43022912742094	-1.06732808051239	-0.78568024087152	0.0124330371861459	-0.391598861150638	-0.525506580651201	-0.455908352954363	-0.917486199625897	-0.739692548238946	-0.946849746993069	-1.27260971412225	-0.513568456551434
-0.174105615518652	0.284781102880002	0.495896312424007	0.481219981181041	0.935352244725116	0.191163258290101	1.21794297026902	0.84990981030914	0.37019918065712	0.769081139229952	0.0416586307158465	0.994871616430168	0.348500626142529	1.24817745618614	1.14130063163144	1.1523066164599	0.41851411723741	0.173654262287921	-0.160373917177909	0.602770301533267	1.03347587776997	0.595632617705527	0.750481057558807	0.664298668114704	0.464510878645775	1.26772684799308	0.722437939662695	0.836559135901001	-0.35456176822013	0.860426841624574	1.00758468600475
3.96731281684967	-0.958810508339785	-1.49107637948673	-0.609473848082799	-1.23706572626241	-0.969159316177186	-1.50299535381798	-1.52792282734897	-0.969698294852659	-1.46348824855714	-1.91733287809798	-1.08292987380607	-1.4013494682488	-0.713884314380252	-2.04487282007297	-1.00852631206089	-1.63983985213289	-1.03488711795227	-1.31209619613332	-1.42544523132907	-1.50038537011292	-0.763065040128596	-2.01993782648253	-1.35286051628423	-1.44896982064689	-0.639463557832658	-1.61554421163112	-0.999079870357557	-1.28458109069673	-0.901258050331906	-1.02284040845557
0.721300239604465	-1.15606808386398	-0.92572420076598	-0.560141628031488	-1.05863725367927	-0.585119425984692	-0.897240861599615	-0.626348905377738	-1.25397230667052	-0.271902491460786	-1.31650224120648	-1.42622496721559	-1.07675456559137	-1.07235684687928	0.326416204805466	-0.836333091384886	-0.243050654377367	-1.2025581519434	-0.475362441533521	-0.979520498556493	-0.760521310377987	-0.745333614057912	-0.583077676412264	-1.31571339307135	-0.515358383233069	-1.33903366754152	-1.06507751890367	-0.915426992327709	-0.684512056224746	-0.791314147321549	-0.99527339009245
0.874927040066487	-0.244305725563414	-0.226848848267919	0.0931239050740068	1.30726104060969	-0.401103491593573	0.842041004487552	0.213947108102626	0.0950720618018126	-0.275005150559107	0.153903018290106	-0.163273942756118	0.232472400784475	0.121087484989388	-0.0822706256279899	0.399738472928974	0.432206063234694	0.589446649527251	0.134268315835204	0.126194681279921	0.312686883584813	0.327976554522369	0.614273277333022	0.299951161059351	-0.231200542039087	-0.418256678234579	0.2423759782786	0.671044919239893	-0.609242764560372	-0.400365192836601	1.00749621127074
-1.83597339729324	0.607783284948365	0.255363292988796	1.41046378060871	1.0428760880937	0.386467814550863	0.894405248982953	1.0515288551744	1.00034739568569	0.994893077808042	0.95685822229369	0.84030092260809	1.14757020598018	0.737326902412794	0.220876625543314	0.0116246620268502	0.628060044294857	0.824239826302535	0.429310081036383	1.04752393323337	0.889546436884224	0.661825288627856	0.666949127732824	1.16105155525486	0.512012694869571	0.678266619515269	0.751803409122973	0.376109298560138	1.54593470955929	0.49703120166053	0.504715856546587
-0.31499110681878	-0.207671088652499	0.616708338180266	0.412911891575131	0.425764423857446	0.51160931392722	-0.0761398953938182	0.452164236813475	0.235958857881349	0.50196579667641	-0.16393984285263	0.19425115415164	0.66911264977714	0.0445594830120842	0.0987370964188638	0.757868119852686	0.416601964956298	0.331579460531702	1.36778226297198	0.140207321931442	0.27347855345646	-0.00793938259337097	0.398544715024224	-0.417825856843419	-0.0830344904773975	0.109177035247158	-0.257083781706366	0.17954481140203	-0.15424519491025	0.206478806812821	1.01797584036521
-3.08504642929289	0.449984807361752	1.00387616695014	0.282905216175023	0.52182361179128	0.59519682903214	0.991358658345514	0.905141867094158	-0.100179295640009	0.137502791503571	0.94570570706111	0.376605973246921	0.54448695021641	0.62444469853944	-0.185274383515694	0.704887972231757	0.109737365399912	-0.0838371252284555	1.02081466590489	0.52418032057968	0.357501897045899	0.903070223467789	0.653729107555261	0.66095258996068	0.936068426265541	0.807469303315115	0.299437320379312	0.647245320605501	0.5243899942348	0.798348427004237	-0.0530616289808491
1.58132657253484	-1.01246370187013	-1.46391756910427	-0.937590278526489	0.194379762479511	-1.40019413307367	-1.00377858556216	-0.749769835712267	-1.35051114439891	-1.53703555939236	-1.04705240294797	-1.08125897115104	-1.44168739736656	-0.90842802512034	-0.83161363298593	-1.15217535133372	-0.596317068236326	-1.02910137630843	-1.1017283473232	-0.925965183824504	-1.00413313691457	-0.509673243626763	-1.5992252093728	-1.63510316355755	-1.33273638817764	-0.935586658084291	-0.931905945740809	-1.19239916370328	-0.740341809229295	-1.14155680460203	-1.21513436351722
1.43758090697735	0.907475482420451	0.586552686873457	0.498125883479222	0.0854315960093217	0.685001811580559	0.467105292653028	0.0888527152908449	0.306020396407702	0.428613915509109	0.444050202788902	0.221259021029003	0.622929868299271	0.970534218569356	0.768762248628699	0.588728851885717	0.934679935425507	0.483464422563182	0.514635907100899	0.837872822897725	-0.0555910633783891	0.688406731222523	0.847490455241789	0.402255453559595	1.0836372734811	0.874917543961227	0.120126247235583	0.435943038006151	0.0412689496331742	0.20342319685932	0.720897191121101
-1.41803149710999	0.196962674447162	-0.148595091679879	0.249406320271487	-0.364546497268854	-0.244161376284608	0.623261705469519	0.0202427356994524	0.169212696950158	0.0444777211341744	-0.468953044702006	-0.062714125583486	0.114411419102069	0.0637324972219018	-0.293470562909168	0.376292138750872	-0.360858313119956	0.00323408831250907	-0.132910773551124	0.0325912157435757	-0.792242183388166	-0.121906451915475	-1.0866262286884	-0.459497857396848	-0.598117693422102	0.0381377888098233	-0.0743898606825784	-0.598922970811038	0.206070188400864	1.00048211582306	-0.405407143060246
0.475555850446663	-0.406963450342501	-0.746978210815262	-1.15470585685179	-0.430370642717434	-0.233584455609106	-0.360430064864314	-0.950398121667731	-0.795844719304088	-0.393174842402107	-0.346068229898761	-0.99500529452682	-0.547069845413016	-1.29100748427516	-1.07899380948206	0.276225960453633	-0.591801053181368	-1.07672180198806	-0.113245849549974	-0.46819748250739	-0.857456938116015	-0.938817592575131	-0.874215793026887	-1.15694306804897	0.101692368566433	-0.0568814327885669	-0.0888848141747212	-0.955485196022601	-0.937028880874666	-0.714529753241113	-1.07196687544229
-0.207799565823184	1.39669020750705	0.881235016155327	1.11576424218719	1.10548354544655	2.03503202864908	1.16843986807954	0.997462070194134	0.726725710049594	1.37501769603083	1.38650466158837	1.40343376512114	0.644925403992274	1.07947854336864	0.75627117324251	1.0254143557614	1.24920010440314	1.43550391888203	1.21928132893535	1.60628745608683	0.645690642389153	0.552695563689084	1.43392224239356	1.11513185772287	1.89038601740385	1.98592252371862	1.20737128591556	1.57643811432237	1.73377463659639	0.664036186266702	1.4746042817531
5.0992275431302	-2.7311878794634	-2.36470060033746	-2.34621233399575	-2.38999055134067	-1.77397390778104	-2.26824223969027	-2.20883895062622	-2.37575953736042	-2.0402950161329	-1.98873026998833	-2.11499784567915	-1.92021407532847	-2.3527212977688	-1.72218549940013	-2.25103672000938	-2.35294066836987	-1.59661639293312	-2.54013568133363	-1.68302071515989	-2.3576321361021	-2.17260645441299	-1.95720129483255	-1.38758683987239	-2.08020351013368	-1.03811241527074	-1.44717279910958	-3.06123837080233	-2.37130964082914	-2.28546478255144	-2.08064007600895
-3.22605930559537	1.04405199515519	1.15288449191238	1.2443990146489	1.31755331379449	0.414961383289039	0.638072480016817	0.783827191693091	1.1866419275305	1.2879666262522	1.5465348989907	1.46615428565025	1.22494919250459	1.28695809607683	1.40649845653869	1.09632486239152	1.03979652782288	1.27025591459429	0.831274073250139	0.988985406365635	0.811883735173938	1.70422643395482	1.12628960907351	1.64063934670567	0.0726572443163395	0.635382262960617	1.15000207897049	1.71423966779425	1.07668456023095	0.587364536019432	1.11825435299658
-1.23615056438468	0.902362032253329	-0.155128625054457	0.156169576513062	0.250306850533727	0.0771399379172864	0.0338032228793571	0.59894171348912	0.273178528317538	-0.193835034600899	0.623472201767865	0.440897503485472	0.368769624823224	0.218395793148072	-0.701494303545127	0.363283154078499	0.226543862521923	-0.0322960678735812	-0.308756150446695	0.805807304701206	0.121229622903321	0.0308482334375801	0.0796334253366334	0.119954676152209	0.461179480813582	-0.631580902782807	0.153881231189449	0.0579684096998011	0.427028924868745	-0.101955212315657	0.734828310138975
2.07756692230866	-0.255238535998494	-0.0473473384356204	-0.211300633386034	-0.329523117240163	-0.470282566096057	-0.977872255780326	-1.32417288752724	-1.25179887384596	0.242099160017586	-0.463252279177897	-0.385681012598672	-0.690172882295888	-0.309597551812361	-0.172567008653204	-0.311753483942123	-0.766501247271581	-0.859721804957869	-0.329770129907437	-0.316596877558606	-0.522791738458164	-0.354644141923272	0.255389301229662	-0.574012419039164	-0.190043648828919	-0.0294967285704652	-0.264415415619482	-0.323694522657632	-0.0496172918019173	0.0422266206084096	-0.53665422306564
3.4264447402089	-0.0628274169207602	-0.631188375987229	-0.269787470293276	-0.578296169432176	-0.516772330906268	-1.01802606968439	-0.993384999362711	-1.12514100159624	-0.571193640797009	-1.39167431426588	-1.2874618367477	-1.18280014975482	-0.0391528920228228	-0.495723299683635	-1.03176331202715	-0.924938271461388	-0.656418554343283	-1.18491540908611	-0.82896720738446	-0.773370597290572	-1.0815010391235	-0.691906458957646	-0.543590274978311	-0.485579395164777	-0.962394338646752	-0.0280998499418194	-0.423921553267925	-0.818879644250471	-0.396672106458053	-0.903342868748485
-3.41917792473107	1.36294051130338	0.851773126179423	0.0757868236297409	0.825425817941449	0.678004532940079	1.17238663833126	1.37620851403642	2.19129235466426	0.176234934506392	-0.233790795475261	1.84608362756389	1.69446510459637	1.0967092490755	1.15078424768543	1.31774818371413	1.04756938699176	1.41762974175216	1.40563872813241	1.77956469665175	1.34057382497676	0.580479558509541	0.96440910181319	0.999404833028099	1.17796975679762	0.652638080985398	0.557003955591336	1.11606522544765	1.14647901668818	0.712734262543004	0.29204419239817
0.53565708897677	0.24415434428301	-0.0642887480187787	0.178915391952743	-0.171913014398678	0.51911465223812	-0.0737948654729355	-0.153209679774222	0.464368076802235	0.332030419373232	0.531243058736839	0.668683987244411	0.211189066456372	-0.378452820991339	0.201729430766266	0.101886297587394	-0.323230135380478	0.733966760293786	0.260239918153952	0.645068299225461	-0.0397511107465524	0.301211655559747	0.807975120632903	0.366356399135773	1.1405089711593	0.210282686053537	0.330248118991651	0.322331079942319	0.0402727992039378	0.493231399633879	0.242949770580485
2.70405132579792	-0.239595795101054	-0.649815785888846	-0.718445460437971	-0.49401810523878	-0.514372672554372	-0.886908097648848	-1.17492713146435	-0.62436050160635	-0.789439533519961	-0.854423883173463	-0.354369171260678	-0.709744331956351	-0.416948661127608	-1.12026451544525	-0.808944592199352	-0.394824377204845	-0.766568196569894	-0.431338520124833	-0.818496037354894	-0.910978644198712	-0.610448620061652	-0.500595688422397	-1.12055175043029	-0.707076497666406	-0.659651260138099	-0.163701541807313	-0.653045518405918	-0.605601359179516	-1.26931516190963	-0.348815881820439
-1.82935523128421	0.62663072341618	1.0511252869003	0.0675499560226674	0.501922959158253	0.628414267432663	0.401228286226158	-0.229711279529329	0.563839608267971	0.270381773946435	0.775901295814828	-0.156616578074963	0.452873459901365	0.840601478229195	0.249848055874188	-0.282629918901684	0.510608246162585	-0.132846359838163	0.476400462502546	0.127860093357879	0.139792041720127	-0.322002399948473	1.02717673151007	0.00777534886666665	0.168230494587193	0.282162330838779	0.982611000139914	0.696945436897539	-0.00202284416924813	0.117782250720519	0.0312624913584556
3.4034994994406	-0.453726562426179	-0.614602154558951	-1.20237727333536	-1.00489833880992	-0.968619060312341	-0.847181089016727	-0.797368758357895	-0.868085788528133	-1.19628168059171	-0.310020892977034	-2.01337749431834	-0.470614934368339	-1.0179421927084	-0.818519264447137	-1.08027909215706	-0.728839307146548	-0.498561853577981	-0.970400460418444	-0.163815346364003	-1.35014864258367	-0.437282730947254	-1.1203848102782	-0.227559466875941	-1.48562213456791	-1.162297548498	-1.03813231214388	-1.11939645934531	-1.61140700402353	-1.16972351119002	-0.132000750070809
1.05102257174729	-0.269801327802856	-0.265425078100015	-0.897080368276324	-1.00930533070774	-0.85470154119025	-0.504402755160423	0.161638933913993	-1.25170189255068	-0.15800773583564	-0.580651127916529	-1.55166103726129	-0.974836699329254	-0.196275184878915	-0.642715608218949	-0.547785856313185	-0.506045115002981	-1.26627914437841	0.201069358099394	-0.695843014134787	-0.784317232288406	-0.874337612741991	-0.323774788143748	0.116903203898081	-0.249333853461905	-0.599713200272745	-1.30869100602868	-0.323620525748478	-0.35978815086347	-0.415517244217211	-0.624165714898989
-1.78229708434162	1.17678615764601	1.0068427168282	-0.105720550620092	0.289317308301325	0.418535256888776	0.227301308411081	0.249785938665716	0.687965451711257	0.732667396784053	-0.127046167934876	-0.108317011418967	0.618819388132331	0.623526772783158	0.280398448656816	0.379579069316868	0.0408770401261133	1.09253082611512	-0.0700247786997035	0.678429941444199	0.937029216919906	0.418006982391801	0.129673648608676	0.447038567951027	0.0230946831507439	0.472178878452949	-0.219487291185604	0.526737524014344	0.300497974880664	0.568633232126131	0.0701707574094902
-2.90513364618671	1.26750805622713	0.744229038074304	1.33136392851369	0.782856324346351	1.28489594283944	1.22575179053123	0.869639148687882	1.37939180004823	1.47964433371399	0.980971836924285	1.26194485073261	1.35622358533155	1.68952733170709	1.05889291780904	1.23755418766388	1.53960370060729	0.702439947365496	1.22415579291168	2.29687720127176	1.50519325769874	0.624428400431133	0.871621963447831	0.537777528444535	0.749949263131507	0.622805214364029	0.854070914365021	0.485896828721725	0.438327428202401	1.16488870428313	1.3697321076515
2.27406543671049	-0.721567493271104	-1.87247308569733	-1.0380698203783	-1.08740632368965	-0.864493808844177	-1.52299913991192	-1.54669243377484	-1.39288427482984	-1.33889734004629	-1.9350291308751	-1.61551533707476	-0.486922191952264	-1.25202941334619	-1.14774080322623	-0.709991439350301	-1.46749782716343	-1.51331443032146	-1.69786846590921	-1.52287746685438	-1.68120268187846	-0.893543769414867	-0.636665379933755	-0.777470046677148	-1.51609473632886	-1.64787610966495	-1.15109355349927	-1.22899119745043	-1.21377478703284	-0.796696760173083	-1.64817754181041
-0.631580217386013	0.253991311741598	0.674102664631225	0.515887091697433	-0.362100624804216	0.102615460242111	0.343746903059153	0.224131684215766	0.000285584237659534	0.0851811279115169	0.00452771698204389	-0.460011844138209	0.402337595498437	-0.0107915567384027	0.654777122884108	-0.348243519121323	-0.178280992893408	0.310352236275566	0.519041243098471	0.417631347240058	0.0660266077507948	0.2305529580241	-0.0212898368403647	0.676070998869061	0.373612754792447	0.617456570952871	-0.02380466750187	0.171856497269087	-0.433500782889202	0.434856114613676	-0.111228208560729
0.820850206578511	-0.43274381620649	-0.225318471427044	-0.190918233758484	-0.806313815485668	0.0961289820953736	-0.371201464924454	-0.220501368538302	-1.29026945347228	-0.586038866281358	-1.35003723541951	-0.597888527747076	-0.153655933049182	-1.26334167776937	-0.628671451694676	-1.21900825034554	-1.11391046767279	0.00282687202934687	-0.650217592641711	-0.537308524706569	-0.743986308828288	-1.07410379615952	-0.979429847923921	-0.913481782227395	-0.603556705977426	-0.594062945845703	-0.817246159721155	-1.60669356051035	-0.770494429221211	0.0369497490852402	-1.23583918251495
-1.13559123554523	0.513353263422092	0.441066950292489	1.21368959559631	0.807761282500461	1.05065894561153	0.753689974225851	0.73314694379655	0.551216485001958	0.614957229756566	0.563921502212638	0.237672467828683	0.186893729805995	0.683384701046416	0.440483708221831	0.882390004021706	0.294214159555956	0.192422211134136	0.597516962312754	0.746085148566296	0.563859304532281	0.855509728604523	0.750335070908666	0.435271401649025	0.892807817482114	0.0417527501728746	0.615889708957663	0.415136824903849	0.759087959873912	0.713234107399018	0.325887321925501
-0.89114283850623	0.820082489523018	0.339977555393276	0.0645149459427691	-0.31585128953407	0.0797573929410226	0.482318589088028	0.1799024169392	-0.134716056718169	0.686215055783368	0.173724087620446	0.713297643519134	0.717826262097956	0.834645414324158	0.88050409767115	1.09150005657696	0.198380410900546	0.157783738578094	-0.133670912532928	-0.0775487120919782	0.15561741204521	0.00248654405309992	0.208277650320332	0.363205344181621	1.25075397251188	-0.25547971507395	0.258967935551268	0.549074593661238	0.870381195977727	0.398431667686643	-0.202374728066844
-0.457161332367379	-1.12083056636056	-0.200135006219981	-0.510799732564441	-0.583951244962022	-0.331971392409699	-0.239248534574939	-0.578888299754332	0.244104498138259	-0.762356712334315	-0.906082168927996	-0.886709103500517	-0.603769720399577	-0.995086310328727	-0.986914013597215	-1.22916899989709	-0.884737907369978	-1.4310609652994	-0.0233552270046902	-0.612712247555074	-0.537228845132347	-1.04581136866384	-0.875990160287406	-0.118212453611875	-0.462928517986428	-0.224727537307458	-0.6700057407279	-0.752518074639432	-0.927429873673633	-0.856305135855541	-1.01087635633173
-3.1645465597488	0.862684361508652	0.41911165476624	0.350305483851656	0.284940562840959	0.860961659427043	0.470894607583378	0.206669518315968	0.290748638655108	0.347154510039859	1.11044914473463	1.51385570483464	0.520422752518239	1.04958094039796	1.59040861398718	0.840054118068721	0.593730551737951	0.755694359823448	1.31794919740793	0.221778119733364	0.196842328016339	0.0212686922899713	1.33793387480737	0.726554463076331	0.778000050420633	0.300551709234023	1.05915202573841	0.466748345601823	0.642462301679158	0.742427651446355	0.630780597981886
-2.0274283291163	0.419095608014827	-0.577758301825295	-0.45397202496455	0.602780208092589	-0.326941034191812	-0.106447183854956	-0.0553484474812793	0.340140731689419	-1.23008898922995	-0.0827861666259214	-0.414542070281665	-0.183659138536409	0.879417393016548	-0.831397959007983	0.101653271083483	-0.276390064798583	-0.923266339224919	-0.593675107344576	-0.57751702256265	-1.26590956807591	-0.783526597058945	-0.931694228836079	-0.139320845165148	-0.502740509432933	0.0561178602118985	-0.18982567935002	-0.851745923270066	-0.300597703008612	0.175361089539277	-0.199885021032275
3.99753039789226	-0.990965544959833	-1.61066526894701	-1.63341684062646	-1.24044275570827	-1.25525085072538	-0.989793484506412	-1.31864662561464	-2.12797842585346	-1.42981167461885	-1.06678571420926	-1.07065471989881	-1.90234949775181	-0.847028289634478	-0.953753339262576	-1.64364951556673	-1.23973795562302	-0.852106009487816	-1.44852092904554	-1.81125724083066	-0.66537007271301	-0.911205388779807	-2.09558202659773	-1.54937526652359	-0.84798072697756	-1.30846355673733	-1.70577387231195	-1.02714214638372	-1.23228403463374	-0.909720478757735	-1.19767500893755
1.84579826452721	-1.75349786260783	-2.19424223380311	-2.4178759753284	-1.69205059783474	-2.04424425136237	-2.1463218610898	-1.06469827583094	-2.2918076620327	-1.22171115164486	-1.73068647799655	-1.74546777850004	-1.40606198990815	-1.30902406066999	-1.59175434432338	-1.49307666494693	-1.34659777131339	-1.82066078544923	-1.7641322065584	-1.39451582446573	-2.07196308156202	-1.88925248019145	-2.21064486834882	-1.66615490208703	-1.89006239092655	-1.87637586162205	-1.89637542246606	-2.23325170553569	-2.14445293078599	-1.95972340329793	-1.52118002506035
0.663702495223988	-0.352424935272186	-1.07719679677296	-0.0581016812094689	-0.649039489255233	-0.495521740496144	-0.533939740394704	-0.965426925828687	-0.595626475115841	-0.399610958251349	-0.29013097291687	-0.500144388067065	-0.162171105550903	-1.33205021303737	-0.889650959205294	0.150188506795998	-0.554920454161521	-0.218270092974005	-0.681845788966222	-1.08797800677748	0.263537002699343	0.253383927794576	-1.07740283158665	-0.368137490560806	-0.489712262817868	-0.77242931811134	-0.489091833083233	-0.559045843478617	-0.787255658999788	0.0709925634686765	-1.14662266556656
0.108152951500514	0.555434654866183	0.0854725336651144	0.604051392612234	0.349739399497004	0.391798407134748	0.88579595269937	-0.288147635352234	1.0208265844558	-0.040831737478844	-0.0436521003234982	0.472612664519598	0.345987861278762	0.146571014023718	0.3502122063155	0.0534767903513196	-0.029905714035267	0.430716530401524	0.767928368471593	0.45355710278822	0.290752870390106	0.503752496906331	0.230970837476215	0.507222741172938	0.40629801516934	0.418320357566812	0.81214953057174	1.09075753582076	1.06121378323893	-0.168050669159645	0.517738126059293
4.68514493073321	-1.92207483536599	-1.23235526207461	-1.04435421127459	-1.48923952396191	-0.90970100586425	-1.17451890853987	-0.640387382888263	-1.19008743169704	-1.25666498289379	-1.34349929722684	-0.779361097905292	-1.77811088444497	-1.27647873942623	-1.85868446388285	-1.06616367480532	-0.32152439759737	-0.986410822003102	-1.68405718790245	-1.44316842261957	-0.472434428812021	-1.26605845611738	-0.633345774384186	-1.00482276834359	-1.05609060938401	-1.03536632259531	-1.16465277550866	-0.529333892817828	-1.40784510716927	-1.12699203614236	-1.71260388659903
4.70830157517389	-0.876009826309566	-1.69556356739389	-0.472476379486752	-1.67117739304974	-0.737807728103735	-1.15105161081841	-1.16885135795969	-0.99930713521343	-0.597498383128024	-0.977022755804681	-1.40823650621506	-1.25664312557965	-1.38115982233398	-1.36134452520197	-0.620757120008538	-1.00759848303782	-0.765849047270919	-1.20054674068556	-0.79306492020817	-0.69515888285066	-1.03493366818745	-0.812408705440277	-1.40661201265255	-0.864079642752151	-0.321449369067455	-1.04604952702533	-0.759260567635542	-0.660214049812929	-1.17144591524578	-1.25455210543806
-0.535646715004869	1.80158771072013	0.672197352522356	1.95080940577595	2.02673710758758	1.45376536294089	1.61906169155225	1.1480771091941	2.24601412356946	1.67641509995094	1.05381042453192	1.21842176283124	1.41150931630894	2.22325057937542	1.20431485106071	1.95925428951008	1.42274558431887	0.988408412056926	1.74354942637294	1.7455640518673	1.4982200652645	2.1166975094818	2.0882135943551	1.53275515254519	0.927580232822763	1.75914343674767	2.38743706273074	1.91193985763919	1.56718083097835	1.36459592866734	1.83008727869831
1.93041974969709	-1.78451115616708	-1.9278769609951	-2.26500243736406	-2.71389275618888	-1.6013239726844	-1.5333269130734	-1.88823043140113	-1.48422940987362	-2.05110099302844	-2.01984835560569	-1.95346070314647	-1.78998022514834	-2.19666218261622	-1.7219057095438	-1.96608669948429	-2.65500460038923	-1.60551669895234	-1.44315175708661	-1.90597268425782	-1.80955264105659	-1.9624128481092	-1.90530641757614	-1.32684767304776	-1.93355523971622	-2.2815321779835	-1.62196603021888	-2.1292037307573	-2.22161505554739	-1.88604873093213	-2.1967581138844
1.50666076999026	-0.102429412886054	-0.752883001857859	-0.318267233028235	-1.25855545552363	-0.38025703301128	-0.0112681079565162	-0.83950714974058	-0.853915778982357	-0.915987460161888	-0.127962796914277	-0.727923677065096	-0.68723282589287	-0.465787288885842	-0.620358360027637	-0.960542473759971	-0.47379681840385	-0.033758045407116	-1.13643180964328	-0.589167885622475	-0.262570851428827	-0.930226467668177	0.322040711633725	-0.817666150331173	-1.31412653450232	-0.325805010396574	-0.875728737127869	-1.00740585826069	-0.638762770766323	-0.498918252656343	-0.913025330626764
-1.2264314539419	0.609449307724751	0.0955121852269217	0.124500977448687	0.0674518969777089	0.304360980371313	-0.242171108535804	0.16114725088773	-0.190284209421873	0.670543499033587	-0.0248765461399017	-0.0491497109939508	0.0331588331699534	0.82729055595046	0.0617765837154256	0.560195933698056	-0.149079092332039	0.024610065935031	0.356213770567392	0.277393164215578	-0.518133479900838	-0.137102191359967	0.392957840843242	-0.336883026095503	-0.140782992803658	0.34330373349877	0.742266147308883	-0.0593283042601472	0.128745445545583	0.22858718845791	0.282231261696901
0.856239420100287	-0.633868550776276	-0.590360308553776	-0.74357203764549	0.855642823341734	-0.169959578338535	-0.215274021914836	-0.67898748891421	-0.0558547180052645	0.00673844735431829	0.642212936477356	-0.128367915535638	-0.118984587502922	0.0258091391546609	0.0722950996703141	-0.0512621113134836	-0.0874374310892203	0.0114117934064541	-1.20928044395433	0.156604549615309	-0.144212485849831	0.0647454248392535	0.377577921017765	0.0581473795805112	0.899479356475849	-0.168146960828202	-0.124679053489908	-0.231663183890897	-0.189041313134641	-0.609641023986663	0.591932973369144
-0.921727404853176	1.98480124567395	1.04784951702234	1.34203815072814	1.93897266046718	1.91187319600771	1.38063064661365	0.871891482336503	1.5060028787933	0.726974830576273	1.70178432227448	0.783967398193356	1.23002227360049	1.6921832350036	1.37605380532167	1.67936444375841	1.85272215436944	1.03603251085601	1.58429387912486	1.37374081276841	1.16537041215422	1.76252103076081	1.02103368789974	1.61991813129777	1.70478180835625	1.49964428816547	1.08236294742168	1.29925992202569	1.04435131649402	1.92163271257203	1.87059667589024
1.3448040659953	-1.28162009516998	-1.29337636112451	-1.25958740202567	-1.1153196151941	-1.65797067079133	-1.36480067980879	-1.77919428128766	-1.30404710720739	-1.03616592078942	-1.66972713672616	-1.15876856329151	-1.67587848424983	-0.560316503842841	-1.41788863669751	-0.770787026416394	-1.458986895151	-1.73683664018328	-1.03590498994879	-0.985468166714262	-1.05888453092711	-1.72776386382792	-1.87335647186964	-1.24813751479501	-1.52775471213293	-2.30101669255652	-2.06201439580221	-1.90378070411164	-1.04561256673413	-1.18116687769851	-1.21693646229428
0.608211209707253	1.02040139561634	0.494034375961175	0.915440388195148	0.318226389751319	0.943212660939846	-1.03342998830034	-0.273089827932966	0.326234802412426	0.52797780681228	0.596717214946453	0.10547840077973	1.03474356764238	0.562559208781317	0.411411392672809	-0.29867731316556	0.407112291637718	1.02102905748602	0.447758332066489	0.630959165361792	0.0361483725643699	0.257905346843961	1.27422228657117	0.243303039050853	0.414054794153839	0.233219295639623	0.946707930323466	-0.0706257500291392	0.615812408572388	-0.148555102453408	0.738301729717096
-1.39676820664996	1.32787524145266	1.66423187302807	1.39900199069207	2.05717070743398	1.938970688492	1.54426209764827	1.74740130962028	1.75588119401314	1.49004303314531	1.24141550522589	0.405850775265684	0.619795459750557	2.08302986365096	2.0014583763032	1.74043445303892	1.44803794388254	1.39942879495586	1.42022545465551	1.63698776924457	2.45655654681348	2.32512242241782	1.68930113185037	1.3662920672167	2.28089558191029	1.38846994200098	2.27168917369997	1.56486069974555	1.65115280258839	1.69595068079397	0.952052623717754
0.880074768764381	-0.438284673605849	-0.249420776613679	-0.101686540686717	-0.970303638603104	-1.03056501741254	-0.907893151367479	-0.241403518645213	0.177824209992176	-0.671273084700404	-1.18861655451195	-0.57832648009757	-0.0908492081945223	-0.508282320943287	-0.0717672788131669	-0.48254467669172	-0.53428680601729	-0.220640906520021	-0.35183180325393	-0.619291608871959	-0.348840213021127	-0.898801556786708	-0.453760106993124	-0.267206247746819	-0.374578053921406	-0.366766588121435	-0.406257737578659	-0.2581796537319	-0.537151728650117	0.526020734164464	0.833320482989351
2.8660065029487	-2.15997739798064	-0.869051948042412	-0.698584905335375	-0.101787156149838	-0.103487589712877	-0.235349052516036	0.00735271923387331	-0.570250530306076	-0.603149052878902	-0.323417605286604	-1.10703362904624	-1.20011692284786	-0.139825420313735	-0.774703094882905	-0.859667424284735	0.0842891313983293	-0.672244022524484	-0.580632171496523	-0.551635458799891	-0.123052840912526	-0.220469773151903	-0.721241868837854	-0.124044597799239	-1.53681395525897	-0.353749168104068	-0.0318901234224651	-0.385488886772346	-0.321883165932643	-1.28649739267219	-1.26997620021823
3.31643314612441	-0.608272253688165	-1.36457511796308	-0.708120434034448	-0.892384215522668	-0.0866311819036788	-0.580893121817876	-1.06312086411352	-0.456027295862748	-1.25498404859944	-0.769944089160708	-0.809706075811568	-1.36488261132137	-0.575512038290378	-0.457765319217319	-0.898597553391996	-1.40929283093654	-0.99506532161841	-1.18055891678374	-0.769186415375745	-1.2975970752605	-1.13323804845967	-1.21464418314613	-1.17125195592013	-1.34870154452334	-0.139619075893906	-0.441167348066869	-0.198448736288253	-0.848102718315947	-0.72536881242169	-0.431006254452263
2.32636513217584	0.152906348487988	-0.109158827828355	-0.0333811722255424	0.0498830799942922	-0.0391448041456199	0.165386422459015	0.26210302396463	-0.0272617205885182	0.846128643152926	0.781338977495792	-0.116859940746365	-0.424262432808449	0.0360226521212524	0.212897476377743	0.602826056819479	0.641406311346137	0.13761128065956	-0.0100378266459683	-0.425247376312717	-0.0341471167138274	0.520852300372246	-0.85817269351373	0.0737830288855297	0.29624934797182	-0.0608975089121026	0.0574631533215089	-0.355125120388779	-0.223904299421777	-0.433896230280293	0.493583227169153
1.63937661268185	-0.17415712385516	0.131840889629474	-0.0360177119367266	-0.727939220753141	-0.482705896432812	-0.18143073334534	0.0724641013831458	-0.857065569289793	-0.979366658773174	-0.979503227181969	-0.174394018440292	0.0895623048258979	-0.508651728947851	0.111845089557779	0.204971853903004	-0.983430723737522	-0.486222463238939	-0.393028874354542	-0.802248154688744	-0.00640645598768361	-0.313623208545008	-0.93532728910789	-0.723925458023658	-0.613316993422711	-0.411567840535546	-0.144664525543186	0.0387827114208049	0.0995153215294401	-0.798813188982289	-0.119120080772216
-5.91902785635379	3.18200503993624	2.93218147710191	2.98303231480737	2.807125510145	2.79669651795101	3.25863545870556	2.63376283299132	2.07646293825478	2.82298041229126	2.7516886507478	3.31658715474817	2.83575550561079	3.04310303540456	2.77218562156931	2.81436885124989	3.16447841223558	2.61278920884747	2.2512854497193	2.95087953296539	2.42363585522089	2.62440634552366	2.44140009215225	2.89315329804021	3.16552878321352	2.78598829314949	2.35802643064258	3.02245761961217	3.02684993926802	2.45858936170221	2.81504190348583
1.85876736101131	-0.693719561648485	-0.785675197585709	-0.852981789170632	-0.899165670215102	-0.580429285048456	-1.19924194827726	-1.72860797211039	-0.672048087329017	-1.35864310008665	-0.652488597692858	-0.452018807660657	-0.795833277709284	-0.388998503544165	-0.9199719589341	-1.26756377848615	-0.723721819965675	-0.173590167152215	-1.31150036434763	-0.947965009541197	-0.788177932381686	-0.685434460539721	-0.995354321840975	-1.0351295894948	-0.917576002621835	-0.337652252584868	-0.675214844403675	-0.842701685825902	-1.54759327261266	-0.62406821016406	-0.713988782108184
-4.57334552180333	-0.0308452885385825	0.592192765847489	0.804880783656699	0.624076219053493	0.0926439468093288	0.488436479047793	0.34737406310375	0.229882056651783	0.671463878985423	0.445352309501539	0.492686591628979	0.972732718481412	0.146047312839614	-0.0200404956118504	-0.0379614935566941	1.16499249269441	0.128856300438148	1.57268340562171	0.464060600953547	0.826869698467549	0.421804071867695	0.214546037997384	0.458034081183585	0.0440612003675908	-0.051421552445942	0.545280260341106	0.414042724259941	0.159042339501513	1.08935757659636	0.355142724374848
0.537360963432031	-0.13101567230566	-0.280677538123366	-0.348690415393568	-0.234550229275786	0.0191975321760133	-0.814840440915193	-0.245910634157263	-0.317956678929933	-0.591221269519947	-0.575871710179677	-0.39845243050606	0.0292509229204009	-0.0478253869379635	-0.0717007936130724	-0.144374482916454	-0.785611346836895	-0.691809441234772	-0.490393014744896	0.0443241183923942	-0.625761853180818	-0.211378935338616	-0.428543505801946	-0.373112899781446	-0.477657083235715	0.166363806449308	-0.276082803934619	-0.464968709689892	-0.123761486353967	0.0548619724287654	-0.431181338631473
-1.74784863315947	0.885136984262052	0.610178064255397	1.07756446990582	1.31077695896474	0.818714389245907	0.958657840091459	0.818696889452452	0.692798054406118	1.41824856009519	0.734614915628543	0.875338098110951	0.39272987057228	0.651904858208898	0.950198583331268	0.417906236060371	1.36965211192288	1.11214387331203	1.24361423144692	1.06433110182236	1.61376517382357	1.1772981531295	1.2254243250702	0.860824584210485	0.278211632453102	0.610121955028851	0.487403099878719	1.16083130653827	0.717888523195788	1.05697913239738	0.934043020566683
-0.992104371580957	1.03902004012089	1.12910099968529	1.12267956383896	1.18838450828265	0.674236429109393	1.0466476981452	1.4960464953577	1.01488976514766	1.22367723890062	1.43655166581231	1.12115012083249	1.40386311822574	0.414550215111858	0.998140485090245	0.852237156889342	1.2158484852409	0.980681574935522	0.539580187071104	1.02965480266049	0.973659813753743	1.06035327861842	0.561759577465708	0.758264872549631	0.568893492234545	1.5089795857205	1.03051141024477	0.151238166806371	1.5103993094616	1.24282359260859	1.05346981085921
-2.07473731078849	1.110532889352	0.291053358050776	1.17023589898888	0.639149350044352	1.51826966540642	0.705494046955497	1.22988064873194	0.473759340942788	0.651200801432433	1.46421122206385	0.619025180571888	1.30563670639811	0.783384569990268	0.799171390067345	1.48602870705177	1.83094686417945	1.23886789807486	1.74186009849515	0.981400777441725	0.969134727402027	1.29719953870222	1.89311090401405	0.766568735395833	1.4064894917807	1.07596819210029	0.852658151192278	1.50851996750719	1.31391686384226	1.34340350072419	0.742712104126434
1.26187241794446	-1.24880186672513	-0.816791170577958	-1.27823037167177	-1.23179995958941	-0.759317199914557	-0.946948825429651	-0.173220634333252	-0.996890509565488	-0.925506152340242	-1.18785140012985	-1.38822916211906	-0.986974029959019	-1.29399045833936	-1.17371635896346	-2.06476361291215	-1.09453259507594	-0.863542727673675	-1.57567278331212	-1.73257602272119	-0.215572083919419	-0.689602059951313	-1.04784077529607	-1.24692008790926	-1.09314054233135	-1.37230709888735	-0.921900948346332	-1.00006416129046	-1.170381812538	-0.787907180066621	-0.983345975986836
-1.30400485452128	1.23294297278682	0.984764282586144	0.76678172786933	0.812047049951734	1.21420251808798	0.940563285039743	0.744181297269204	1.12682196338778	0.840883103382439	0.115405758263619	0.637647843770215	0.945129772776368	1.04472879282179	0.133760579991251	1.35474532555097	0.858692830304153	1.07476488745298	0.26026157804109	0.747915643061472	1.04676711451191	0.991424521941819	1.03595315145881	0.626483498749142	0.547264190720603	0.444193926956408	0.732576265790344	1.04145109860363	1.00671840707183	0.95922181042348	0.904592849268062
-3.77072826852825	0.132430941496223	-0.26384954488341	0.239853463777488	-0.33319450639071	0.0957515106382714	-0.0496062591372254	0.301362264490683	0.0793693352905673	0.00655698992075263	-0.04244434156514	0.923731936955629	0.322185118687716	0.359821418143544	0.202049505121292	0.171236693803911	0.744910627777314	-0.0725455161308497	0.824171653473023	0.188653191780377	-0.260533241332696	0.148121689840787	0.616192717947175	0.173631350644856	0.64296303873856	0.111465971706181	0.0424549723197871	1.20592866108585	0.0622310339075049	0.654379255588546	0.344586491685949
2.22783740947031	0.453567544975762	0.0896292969372251	0.560061836767056	0.202861407657705	0.309559120342521	0.539675414796151	0.959388410564669	-0.10566383762045	-0.355086440818779	-0.555018599066882	0.0604160483805866	-0.205841491833742	-0.2412281580469	0.308294103665087	0.242884868973514	-0.229706534826854	0.930143277605142	0.152724214041064	0.104646386440556	1.1565324698906	-0.0454448350303846	0.718132865136667	0.378231528586583	0.327600577749389	1.09317005155311	0.381425228462581	0.193359765505508	0.609853743799719	0.8734239372371	0.437780408444028
0.890818746299802	-0.979764667141503	-1.22711216224369	-0.962197475390099	-0.670139439081694	-1.06345777346627	-1.49363134603822	-0.467333545588284	-0.587245370164842	-0.988614223167054	-1.02885704403742	-0.359873552560808	-0.586734833944112	-1.06325293490181	-0.693276621185084	-0.918544714625187	-1.0226001578087	-1.3179652261339	-0.944529960489969	-1.03593817404996	-0.952009397090977	-1.63368904160462	-0.217902722481296	-0.657980031597205	-1.68825359855085	-0.975449933520275	-0.695877942777429	-1.07965621694467	-1.38760066961249	-0.800555749185581	-0.529396451147218
0.402923662903535	-0.446910635225833	0.208955535144922	-0.510721555240903	-1.0799977919664	-0.405819063215798	-0.401502996210049	-0.345188017136226	-0.386329222411715	0.0140202548481845	-0.769278028480898	-0.303164667392687	-0.320767617866356	-0.459648413955623	-0.465634267401959	-0.765360489316445	-0.284813587663521	-0.857951448637748	-0.498183444925076	-0.305226469257966	-0.672215222334331	-0.930935795859047	-0.563010087402252	-0.495980736880835	-0.571136021972992	-0.725904231330801	-0.0765789842890278	-0.738137337400534	-0.821016700606372	-0.74097148722808	-0.570950338375199
